visit_id,visit_month,patient_id,updrs_1,updrs_2,updrs_3,updrs_4,upd23b_medication_Off,upd23b_medication_On,O00391,O00533,O00584,O14498,O14773,O14791,O15240,O15394,O43505,O60888,O75144,O75326,O94919,P00441,P00450,P00734,P00736,P00738,P00746,P00747,P00748,P00751,P01008,P01009,P01011,P01019,P01023,P01024,P01031,P01033,P01034,P01042,P01344,P01591,P01594,P01608,P01621,P01717,P01780,P01833,P01834,P01857,P01859,P01860,P01861,P01876,P01877,P02452,P02647,P02649,P02652,P02655,P02656,P02671,P02675,P02679,P02747,P02748,P02749,P02750,P02751,P02753,P02760,P02763,P02765,P02766,P02768,P02774,P02787,P02790,P02792,P04004,P04075,P04156,P04180,P04196,P04207,P04211,P04216,P04217,P04275,P04406,P04433,P05060,P05067,P05090,P05155,P05156,P05408,P05452,P05546,P06310,P06396,P06454,P06681,P06727,P07195,P07225,P07333,P07339,P07602,P07711,P07858,P07998,P08123,P08133,P08253,P08294,P08493,P08571,P08603,P08637,P08697,P09104,P09486,P09871,P10451,P10643,P10645,P10909,P11142,P11277,P12109,P13473,P13521,P13591,P13611,P13671,P13987,P14174,P14314,P14618,P16035,P16070,P16152,P16870,P17174,P17936,P18065,P19021,P19652,P19823,P19827,P20774,P20933,P23083,P23142,P24592,P25311,P27169,P30086,P31997,P32754,P35542,P36222,P36955,P36980,P39060,P40925,P41222,P43121,P43251,P43652,P49588,P49908,P51884,P54289,P55290,P60174,P61278,P61626,P61769,P61916,P80748,P98160,Q02818,Q06481,Q08380,Q12805,Q12841,Q12907,Q13283,Q13332,Q13449,Q13451,Q13740,Q14118,Q14508,Q14515,Q14624,Q15904,Q16270,Q16610,Q562R1,Q6UX71,Q6UXB8,Q6UXD5,Q7Z3B1,Q7Z5P9,Q8IWV7,Q8N2S1,Q8NBJ4,Q8NE71,Q92520,Q92823,Q92876,Q96BZ4,Q96KN2,Q96PD5,Q96S96,Q99435,Q99674,Q99683,Q99829,Q99832,Q99969,Q9BY67,Q9HDC9,Q9NQ79,Q9NYU2,Q9UBR2,Q9UBX5,Q9UHG2,Q9UKV8,Q9UNU6,Q9Y646,Q9Y6R7,AADDTWEPFASGK,AAFGQGSGPIMLDEVQC(UniMod_4)TGTEASLADC(UniMod_4)K,AAFTEC(UniMod_4)C(UniMod_4)QAADK,AANEVSSADVK,AATGEC(UniMod_4)TATVGKR,AATVGSLAGQPLQER,AAVYHHFISDGVR,ADDKETC(UniMod_4)FAEEGK,ADDKETC(UniMod_4)FAEEGKK,ADDLGKGGNEESTKTGNAGSR,ADLSGITGAR,ADQVC(UniMod_4)INLR,ADRDQYELLC(UniMod_4)LDNTR,ADSGEGDFLAEGGGVR,AEAQEAEDQQAR,AEFAEVSK,AELQC(UniMod_4)PQPAA,AESPEVC(UniMod_4)FNEESPK,AFPALTSLDLSDNPGLGER,AGAAAGGPGVSGVC(UniMod_4)VC(UniMod_4)K,AGALNSNDAFVLK,AGC(UniMod_4)VAESTAVC(UniMod_4)R,AGDFLEANYMNLQR,AGKEPGLQIWR,AGLAASLAGPHSIVGR,AGLLRPDYALLGHR,AGLQVYNK,AIGAVPLIQGEYMIPC(UniMod_4)EK,AIGYLNTGYQR,AIPVTQYLK,AIQLTYNPDESSKPNMIDAATLK,AKAYLEEEC(UniMod_4)PATLRK,AKLEEQAQQIR,AKPALEDLR,AKWEMPFDPQDTHQSR,ALANSLAC(UniMod_4)QGK,ALDFAVGEYNK,ALEQDLPVNIK,ALEYIENLR,ALFLETEQLK,ALGISPFHEHAEVVFTANDSGPR,ALGISPFHEHAEVVFTANDSGPRR,ALMSPAGMLR,ALPGTPVASSQPR,ALQDQLVLVAAK,ALSIGFETC(UniMod_4)R,ALSSEWKPEIR,ALTDMPQMR,ALVQQMEQLR,ALYLQYTDETFR,ANAGKPKDPTFIPAPIQAK,ANRPFLVFIR,APEAQVSVQPNFQQDK,APHGPGLIYR,APLIPMEHC(UniMod_4)TTR,AQAGANTRPC(UniMod_4)PS,AQC(UniMod_4)GGGLLGVR,AQGFTEDTIVFLPQTDK,AQPVQVAEGSEPDGFWEALGGK,AQTTVTC(UniMod_4)M(UniMod_35)ENGWSPTPR,AQTTVTC(UniMod_4)MENGWSPTPR,ARAEAQEAEDQQAR,ASEGGFTATGQR,ASGSPEPAISWFR,ASHEEVEGLVEK,ASLVPMEHC(UniMod_4)ITR,ASNLESGVPSR,ASQSVSSYLAWYQQKPGQAPR,ASVGQDSPEPR,ASYGVKPR,ASYLDC(UniMod_4)IR,ATEDEGSEQKIPEATNR,ATEDEGSEQKIPEATNRR,ATEHLSTLSEK,ATFGC(UniMod_4)HDGYSLDGPEEIEC(UniMod_4)TK,ATLGPAVRPLPWQR,ATTVTGTPC(UniMod_4)QDWAAQEPHR,ATVNPSAPR,ATVVYQGER,ATWSGAVLAGR,AVC(UniMod_4)SQEAMTGPC(UniMod_4)R,AVDTWSWGER,AVGDKLPEC(UniMod_4)EADDGC(UniMod_4)PKPPEIAHGYVEHSVR,AVISPGFDVFAK,AVLPTGDVIGDSAK,AVSEKEVDSGNDIYGNPIKR,AVVFLEPQWYR,AVVVHAGEDDLGR,AYKSELEEQLTPVAEETR,AYLEEEC(UniMod_4)PATLR,AYLEEEC(UniMod_4)PATLRK,AYQGVAAPFPK,C(UniMod_4)AEENC(UniMod_4)FIQK,C(UniMod_4)APFFYGGC(UniMod_4)GGNR,C(UniMod_4)C(UniMod_4)AAADPHEC(UniMod_4)YAK,C(UniMod_4)C(UniMod_4)ESASEDC(UniMod_4)MAK,C(UniMod_4)C(UniMod_4)ESASEDC(UniMod_4)MAKELPEHTVK,C(UniMod_4)C(UniMod_4)TESLVNR,C(UniMod_4)C(UniMod_4)VEC(UniMod_4)PPC(UniMod_4)PAPPVAGPSVFLFPPKPK,C(UniMod_4)DSSPDSAEDVRK,C(UniMod_4)FLAFTQTK,C(UniMod_4)FSGQC(UniMod_4)ISK,C(UniMod_4)IIEVLSNALSK,C(UniMod_4)KPVNTFVHEPLVDVQNVC(UniMod_4)FQEK,C(UniMod_4)LAFEC(UniMod_4)PENYR,C(UniMod_4)LAFEC(UniMod_4)PENYRR,C(UniMod_4)LAPLEGAR,C(UniMod_4)LKDGAGDVAFVK,C(UniMod_4)LPVTAPENGK,C(UniMod_4)LVEKGDVAFVK,C(UniMod_4)LVEKGDVAFVKHQTVPQNTGGK,C(UniMod_4)LVNLIEK,C(UniMod_4)MC(UniMod_4)PAENPGC(UniMod_4)R,C(UniMod_4)NLLAEK,C(UniMod_4)PFPSRPDNGFVNYPAKPTLYYK,C(UniMod_4)PNPPVQENFDVNK,C(UniMod_4)PNPPVQENFDVNKYLGR,C(UniMod_4)QC(UniMod_4)DELC(UniMod_4)SYYQSC(UniMod_4)C(UniMod_4)TDYTAEC(UniMod_4)KPQVTR,C(UniMod_4)RDQLPYIC(UniMod_4)QFGIV,C(UniMod_4)REILSVDC(UniMod_4)STNNPSQAK,C(UniMod_4)STSSLLEAC(UniMod_4)TFR,C(UniMod_4)SYTEDAQC(UniMod_4)IDGTIEVPK,C(UniMod_4)TSTGWIPAPR,C(UniMod_4)TTPPPSSGPTYQC(UniMod_4)LK,C(UniMod_4)VC(UniMod_4)PVSNAMC(UniMod_4)R,C(UniMod_4)VDVDEC(UniMod_4)APPAEPC(UniMod_4)GK,C(UniMod_4)VNHYGGYLC(UniMod_4)LPK,C(UniMod_4)YTAVVPLVYGGETK,DAC(UniMod_4)GC(UniMod_4)C(UniMod_4)PMC(UniMod_4)AR,DALSSVQESQVAQQAR,DASGVTFTWTPSSGK,DC(UniMod_4)GSVDGVIKEVNVSPC(UniMod_4)PTQPC(UniMod_4)QLSK,DC(UniMod_4)HLAQVPSHTVVAR,DC(UniMod_4)SLPYATESK,DDKETC(UniMod_4)FAEEGKK,DDNPNLPR,DEPPQSPWDR,DFADIPNLR,DGAGDVAFVK,DGGFC(UniMod_4)EVC(UniMod_4)K,DGGFC(UniMod_4)EVC(UniMod_4)KK,DGLKYHYLIR,DGWSAQPTC(UniMod_4)IK,DIPMNPMC(UniMod_4)IYR,DKETC(UniMod_4)FAEEGKK,DKLAAC(UniMod_4)LEGNC(UniMod_4)AEGLGTNYR,DLATVYVDVLK,DLEDETLWVEER,DLGEENFK,DLLFKDSAHGFLK,DLLFRDDTVC(UniMod_4)LAK,DLLLPQPDLR,DMPASEDLQDLQK,DNC(UniMod_4)C(UniMod_4)ILDER,DNWVFC(UniMod_4)GGK,DPTFIPAPIQAK,DQC(UniMod_4)QVDSQC(UniMod_4)PGQMK,DQGNQEQDPNISNGEEEEEKEPGEVGTHNDNQER,DQPFTILYR,DQTVSDNELQEM(UniMod_35)SNQGSK,DQTVSDNELQEMSNQGSK,DRLDEVKEQVAEVR,DSGEGDFLAEGGGVR,DSGFQM(UniMod_35)NQLR,DSGFQMNQLR,DSGRDYVSQFEGSALGK,DSGVPDRFSGSGSGTDFTLK,DTDTGALLFIGK,DTINLLDQR,DTSC(UniMod_4)VNPPTVQNAYIVSR,DTVIKPLLVEPEGLEK,DVC(UniMod_4)KNYAEAK,DVLLEAC(UniMod_4)C(UniMod_4)ADGHR,DVQLVESGGGLVKPGGSLR,DVRDYFMPC(UniMod_4)PGR,DWHGVPGQVDAAMAGR,DYFMPC(UniMod_4)PGR,DYVSQFEGSALGK,EAEEETTNDNGVLVLEPARK,EAEEHQETQC(UniMod_4)LR,EALQGVGDMGR,EC(UniMod_4)EEIIR,EDC(UniMod_4)NELPPRR,EDSLEAGLPLQVR,EFQLFSSPHGK,EFTRPEEIIFLR,EGDMLTLFDGDGPSAR,EGQEC(UniMod_4)GVYTPNC(UniMod_4)APGLQC(UniMod_4)HPPKDDEAPLR,EGTC(UniMod_4)PEAPTDEC(UniMod_4)KPVK,EGVQKEDIPPADLSDQVPDTESETR,EGYYGYTGAFR,EHVAHLLFLR,EIGELYLPK,EILSVDC(UniMod_4)STNNPSQAK,EIQNAVNGVK,EIVLTQSPATLSLSPGER,EIVMTQSPATLSVSPGER,EKLQDEDLGFL,ELDESLQVAER,ELDLNSVLLK,ELLESYIDGR,ELQQAVLHMEQR,ELSSFIDKGQELC(UniMod_4)ADYSENTFTEYK,ELSSFIDKGQELC(UniMod_4)ADYSENTFTEYKK,EPGLC(UniMod_4)TWQSLR,EPQVYTLPPSRDELTK,EPTMYGEILSPNYPQAYPSEVEK,EQLSLLDRFTEDAKR,EQLTPLIK,EQPPSLTR,EQWPQC(UniMod_4)PTIK,ESAYLYAR,ESLQQMAEVTR,ESLSSYWESAK,ETLLQDFR,ETYGEMADC(UniMod_4)C(UniMod_4)AK,EVGPTNADPVC(UniMod_4)LAK,EVNVSPC(UniMod_4)PTQPC(UniMod_4)QLSK,EVPLNTIIFMGR,EVQPVELPNC(UniMod_4)NLVK,EVVEEAENGR,EVVSLTEAC(UniMod_4)C(UniMod_4)AEGADPDC(UniMod_4)YDTR,EWVAIESDSVQPVPR,EYC(UniMod_4)GVPGDGDEELLR,FAALDNEEEDK,FAEQDAK,FDEFFSEGC(UniMod_4)APGSK,FDEFFSEGC(UniMod_4)APGSKK,FDGILGMAYPR,FEHC(UniMod_4)NFNDVTTR,FFLC(UniMod_4)QVAGDAK,FIYGGC(UniMod_4)GGNR,FKDLGEENFK,FLATTPNSLLVSWQPPR,FLC(UniMod_4)TGGVSPYADPNTC(UniMod_4)R,FLENEDR,FLENEDRR,FLNVLSPR,FLPSYQAVEYMR,FLVNLVK,FM(UniMod_35)ETVAEK,FMETVAEK,FMQAVTGWK,FNALQYLR,FNKNNEGTYYSPNYNPQSR,FNKPFVFLM(UniMod_35)IEQNTK,FQNALLVR,FQPTLLTLPR,FQSVFTVTR,FSALEVDETYVPK,FSC(UniMod_4)FQEEAPQPHYQLR,FSC(UniMod_4)MC(UniMod_4)PQGYQVVR,FSEEAC(UniMod_4)AVLTSPTFEAC(UniMod_4)HR,FSGSLLGGK,FSGSNSGNTATLTISR,FSGTWYAMAK,FSPATHPSEGLEENYC(UniMod_4)RNPDNDPQGPWC(UniMod_4)YTTDPEKR,FSVVYAK,FTDSENVC(UniMod_4)QER,FTEC(UniMod_4)C(UniMod_4)QAADK,FTFEYSR,FTILDSQGK,FTNIGPDTMR,FTQVTPTSLSAQWTPPNVQLTGYR,FVEGLPINDFSR,FVVTDGGITR,FYNQVSTPLLR,FYVHNDIFR,GAAPPKQEFLDIEDP,GALQNIIPASTGAAK,GAQTLYVPNC(UniMod_4)DHR,GAQTQTEEEMTR,GATLALTQVTPQDER,GATTSPGVYELSSR,GAYPLSIEPIGVR,GC(UniMod_4)PTEEGC(UniMod_4)GER,GC(UniMod_4)SFLPDPYQK,GDFSSANNRDNTYNR,GDKVWVYPPEKK,GEAAGAVQELAR,GEAGAPGEEDIQGPTK,GEC(UniMod_4)WC(UniMod_4)VNPNTGK,GEVQAMLGQSTEELR,GEVQAMLGQSTEELRVR,GGETSEMYLIQPDSSVKPYR,GGSTSYGTGSETESPR,GGTLGTPQTGSENDALYEYLR,GINVALANGK,GIVEEC(UniMod_4)C(UniMod_4)FR,GIYGTISR,GKRPYQEGTPC(UniMod_4)SQC(UniMod_4)PSGYHC(UniMod_4)K,GLEFLSVPSTYYK,GLETSLAEC(UniMod_4)TFTK,GLGEISAASEFK,GLPAPIEK,GLSAEPGWQAK,GLVSWGNIPC(UniMod_4)GSK,GLYDVVSVLR,GMADQDGLKPTIDKPSEDSPPLEMLGPR,GMDSC(UniMod_4)KGDSGGAFAVQDPNDKTK,GMFNIQHC(UniMod_4)K,GNPEPTFSWTK,GNQWVGYDDQESVK,GNSYFMVEVK,GPSVFPLAPSSK,GQEDASPDRFSNTDYAVGYMLR,GQSISVTSIRPC(UniMod_4)AAETQ,GRPGPQPWC(UniMod_4)ATTPNFDQDQR,GRTC(UniMod_4)PKPDDLPFSTVVPLK,GSESGIFTNTK,GSFAC(UniMod_4)QC(UniMod_4)PPGYQK,GSGGLNLGNFFASR,GSLVAPDR,GSPAINVAVHVFR,GSPAINVAVHVFRK,GSPSGEVSHPR,GSQTQSHPDLGTEGC(UniMod_4)WDQLSAPR,GVALADFNR,GVASLFAGR,GWVTDGFSSLK,GYC(UniMod_4)APGMEC(UniMod_4)VK,GYHLNEEGTR,GYPGVQAPEDLEWER,GYQLSDVDGVTC(UniMod_4)EDIDEC(UniMod_4)ALPTGGHIC(UniMod_4)SYR,GYTQQLAFR,HGGLYHENMR,HGNVAEGETKPDPDVTER,HGPGLIYR,HGSPVDIC(UniMod_4)TAKPR,HGTC(UniMod_4)AAQVDALNSQKK,HKVYAC(UniMod_4)EVTHQGLSSPVTK,HLDSVLQQLQTEVYR,HLSLLTTLSNR,HNC(UniMod_4)MENSIC(UniMod_4)R,HPDEAAFFDTASTGK,HPNSPLDEENLTQENQDR,HPNVFGFC(UniMod_4)R,HQFLLTGDTQGR,HQPQEFPTYVEPTNDEIC(UniMod_4)EAFR,HQPQEFPTYVEPTNDEIC(UniMod_4)EAFRK,HQPQEFPTYVEPTNDEIC(UniMod_4)EAFRKDPK,HQTVPQNTGGKNPDPWAK,HRLEDMEQALSPSVFK,HSIFTPETNPR,HSTIFENLANK,HTFM(UniMod_35)GVVSLGSPSGEVSHPR,HTFMGVVSLGSPSGEVSHPR,HTSVQTTSSGSGPFTDVR,HVEPGEPLAPSPQEPQAVGR,HVLFGTVGVPEHTYR,HYDGSYSTFGER,HYEGSTVPEK,HYTNPSQDVTVPC(UniMod_4)PVPPPPPC(UniMod_4)C(UniMod_4)HPR,IALVITDGR,IAPQLSTEELVSLGEK,IASFSQNC(UniMod_4)DIYPGKDFVQPPTK,IC(UniMod_4)ANVFC(UniMod_4)GAGR,IC(UniMod_4)LEDNVLM(UniMod_35)SGVK,IC(UniMod_4)LEDNVLMSGVK,IC(UniMod_4)VGC(UniMod_4)PR,IDQNVEELKGR,IDQTVEELRR,IEC(UniMod_4)VSAETTEDC(UniMod_4)IAK,IEEELGDEAR,IEIPSSVQQVPTIIK,IEKVEHSDLSFSK,IFFYDSENPPASEVLR,IFSFDGKDVLR,IGADFLAR,IGDQWDKQHDMGHMMR,IGDTWSK,IHWESASLLR,IIGYTPDLDPETVDDAFAR,IIGYVISNQQITPGPAYSNR,IKPVFIEDANFGR,ILAGSADSEGVAAPR,ILEVVNQIQDEER,ILGPLSYSK,ILGQQVPYATK,ILLQGTPVAQMTEDAVDAER,ILTC(UniMod_4)M(UniMod_35)QGMEEIR,IMNGEADAMSLDGGFVYIAGK,INENTGSVSVTR,INHC(UniMod_4)RFDEFFSEGC(UniMod_4)APGSKK,IPIEDGSGEVVLSR,IPIEDGSGEVVLSRK,IPLNDLFR,IPTTFENGR,IPVIEPSVPELVVKPGATVTLR,IQPSGGTNINEALLR,ISASAEELR,ISC(UniMod_4)TIANR,ISHELDSASSEVN,ISLPESLK,ISLPESLKR,ISYGNDALMPSLTETK,ITGYIIK,ITSWMEPIVK,ITTTSPWMFPSR,ITYGETGGNSPVQEFTVPGSK,IVQIYKDLLR,IVSSAM(UniMod_35)EPDREYHFGQAVR,IVSSAMEPDREYHFGQAVR,IWDVVEK,IYISGMAPR,IYISGMAPRPSLAK,IYLYTLNDNAR,KAADDTWEPFASGK,KAEEEHLGILGPQLHADVGDKVK,KASYLDC(UniMod_4)IR,KATEDEGSEQKIPEATNR,KC(UniMod_4)C(UniMod_4)VEC(UniMod_4)PPC(UniMod_4)PAPPVAGPSVFLFPPKPK,KC(UniMod_4)STSSLLEAC(UniMod_4)TFR,KC(UniMod_4)SYTEDAQC(UniMod_4)IDGTIEVPK,KDSGFQM(UniMod_35)NQLR,KDSGFQMNQLR,KEC(UniMod_4)C(UniMod_4)EKPLLEK,KFPSGTFEQVSQLVK,KGGETSEMYLIQPDSSVKPYR,KIYPTVNC(UniMod_4)QPLGMISLMK,KLC(UniMod_4)MAALK,KLGQSLDC(UniMod_4)NAEVYVVPWEK,KLINDYVK,KLSENTDFLAPGVSSFTDSNQQESITK,KLSSWVLLM(UniMod_35)K,KLSSWVLLMK,KLVGYLDR,KLVPFATELHER,KLYDYC(UniMod_4)DVPQC(UniMod_4)AAPSFDC(UniMod_4)GKPQVEPK,KMTVTDQVNC(UniMod_4)PK,KNM(UniMod_35)FEFLK,KPAEDEWGK,KPALEDLR,KPQSAVYSTGSNGILLC(UniMod_4)EAEGEPQPTIK,KPVDEYKDC(UniMod_4)HLAQVPSHTVVAR,KPVEEYANC(UniMod_4)HLAR,KQELSEAEQATR,KQINDYVEK,KQINDYVEKGTQGK,KQTALVELVK,KREEAPSLRPAPPPISGGGYR,KSASDLTWDNLK,KSPELQAEAK,KSQPMGLWR,KTLLSNLEEAK,KTLLSNLEEAKK,KTSLEDFYLDEER,KVEQAVETEPEPELR,KVESELIKPINPR,KVLLDGVQNPR,KVPQVSTPTLVEVSR,KVTYTSQEDLVEKK,KYFIDFVAR,KYLYEIAR,LAAAVSNFGYDLYR,LAAC(UniMod_4)GPPPVAPPAAVAAVAGGAR,LAARLEALKENGGAR,LAC(UniMod_4)C(UniMod_4)VVGVC(UniMod_4)GPGLWER,LADGGATNQGRVEIFYR,LALLVDTVGPR,LAPLAEDVR,LATVGELQAAWR,LAVTTHGLPC(UniMod_4)LAWASAQAK,LAVYQAGAR,LC(UniMod_4)DNLSTK,LC(UniMod_4)MAALK,LC(UniMod_4)MGSGLNLC(UniMod_4)EPNNK,LC(UniMod_4)MGSGLNLC(UniMod_4)EPNNKEGYYGYTGAFR,LC(UniMod_4)QDLGPGAFR,LC(UniMod_4)TVATLR,LDELRDEGK,LDEVKEQVAEVR,LDIDSPPITAR,LEAGDHPVELLAR,LEDMEQALSPSVFK,LEEQAQQIR,LEGEAC(UniMod_4)GVYTPR,LEGQEEEEDNRDSSMK,LEPGQQEEYYR,LEPYADQLR,LETPDFQLFK,LFAC(UniMod_4)SNK,LFDSDPITVTVPVEVSR,LFGGNFAHQASVAR,LGADM(UniMod_35)EDVC(UniMod_4)GR,LGADMEDVC(UniMod_4)GR,LGC(UniMod_4)SLNQNSVPDIHGVEAPAR,LGEVNTYAGDLQK,LGMDGYR,LGMFNIQHC(UniMod_4)K,LGNQEPGGQTALK,LGPGMADIC(UniMod_4)K,LGPLVEQGR,LGPLVEQGRVR,LGQSLDC(UniMod_4)NAEVYVVPWEK,LGVRPSQGGEAPR,LHDRNTYEKYLGEEYVK,LHLDYIGPC(UniMod_4)K,LIADLGSTSITNLGFR,LINDYVK,LIVHNGYC(UniMod_4)DGR,LKC(UniMod_4)DEWSVNSVGK,LKC(UniMod_4)DEWSVNSVGKIEC(UniMod_4)VSAETTEDC(UniMod_4)IAK,LKDDEVAQLKK,LKEDAVSAAFK,LLAGDHPIDLLLR,LLC(UniMod_4)GLLAER,LLC(UniMod_4)QC(UniMod_4)LGFGSGHFR,LLDNWDSVTSTFSK,LLDSLPSDTR,LLEELVR,LLELTGPK,LLEVPEGR,LLIYDASK,LLIYDASNR,LLIYGATSR,LLPAQLPAEKEVGPPLPQEAVPLQK,LLRDPADASEAHESSSR,LMVELHNLYR,LNMHMNVQNGKWDSDPSGTK,LPPTSAHGNVAEGETKPDPDVTER,LPYTASSGLMAPR,LQAEAFQAR,LQDLYSIVR,LQPLDFKENAEQSR,LQSIGTENTEENRR,LQSLFDSPDFSK,LRENELTYYC(UniMod_4)C(UniMod_4)K,LRENELTYYC(UniMod_4)C(UniMod_4)KK,LRTEGDGVYTLNNEK,LRTEGDGVYTLNNEKQWINK,LSELIQPLPLER,LSINTHPSQKPLSITVR,LSITGTYDLK,LSKELQAAQAR,LSNENHGIAQR,LSPEDYTLK,LSPIYNLVPVK,LSPLGEEMR,LSSGLVTAALYGR,LSSWVLLM(UniMod_35)K,LSSWVLLMK,LSYEGEVTK,LSYTC(UniMod_4)EGGFR,LTASAPGYLAITK,LTPLYELVK,LVAYYTLIGASGQR,LVDGKGVPIPNKVIFIR,LVDKFLEDVKK,LVFFAEDVGSNK,LVGGPM(UniMod_35)DASVEEEGVRR,LVGGPMDASVEEEGVR,LVGGPMDASVEEEGVRR,LVGYLDR,LVMGIPTFGR,LVNEVTEFAK,LVPPMEEDYPQFGSPK,LVWEEAMSR,LVYPSC(UniMod_4)EEK,LYEQLSGK,LYGSEAFATDFQDSAAAK,LYGSEAFATDFQDSAAAKK,LYHSEAFTVNFGDTEEAKK,LYQQHGAGLFDVTR,M(UniMod_35)ADEAGSEADHEGTHSTKR,M(UniMod_35)ASGAANVVGPK,M(UniMod_35)C(UniMod_4)PQLQQYEMHGPEGLR,M(UniMod_35)ELERPGGNEITR,M(UniMod_35)LTPEHVFIHPGWK,M(UniMod_35)TVTDQVNC(UniMod_4)PK,M(UniMod_35)VQEQC(UniMod_4)C(UniMod_4)HSQLEELHC(UniMod_4)ATGISLANEQDR,M(UniMod_35)YLGYEYVTAIR,MADEAGSEADHEGTHSTKR,MASGAANVVGPK,MATLYSR,MC(UniMod_4)PQLQQYEMHGPEGLR,MC(UniMod_4)VDVNEC(UniMod_4)QR,MDASLGNLFAR,MDYPKQTQVSVLPEGGETPLFK,MELERPGGNEITR,MFTTAPDQVDKEDEDFQESNK,MGNFPWQVFTNIHGR,MKYWGVASFLQK,MMAVAADTLQR,MNFRPGVLSSR,MPC(UniMod_4)AELVREPGC(UniMod_4)GC(UniMod_4)C(UniMod_4)SVC(UniMod_4)AR,MPYEC(UniMod_4)GPSLDVC(UniMod_4)AQDER,MTVTDQVNC(UniMod_4)PK,MVQEQC(UniMod_4)C(UniMod_4)HSQLEELHC(UniMod_4)ATGISLANEQDR,MYLGYEYVTAIR,MYYSAVDPTKDIFTGLIGPM(UniMod_35)K,NANTFISPQQR,NEQEQPLGQWHLS,NFGYTLR,NFPPSQDASGDLYTTSSQLTLPATQC(UniMod_4)LAGK,NFPPSQDASGDLYTTSSQLTLPATQC(UniMod_4)PDGK,NFPSPVDAAFR,NGFYPATR,NIGEFC(UniMod_4)GK,NIINSDGGPYVC(UniMod_4)R,NILDRQDPPSVVVTSHQAPGEK,NILTSNNIDVK,NILTSNNIDVKK,NKFDPSLTQR,NKPLFFADK,NLAVSQVVHK,NLHGDGIALWYTR,NLNEKDYELLC(UniMod_4)LDGTR,NLQPASEYTVSLVAIKGNQESPK,NLREGTC(UniMod_4)PEAPTDEC(UniMod_4)KPVK,NNEGTYYSPNYNPQSR,NPC(UniMod_4)QDPYILTPENR,NPDGDVGGPWC(UniMod_4)YTTNPR,NPDPWAK,NPDSSTTGPWC(UniMod_4)YTTDPTVR,NQEQVSPLTLLK,NRDHDTFLAVR,NSKFEDC(UniMod_4)C(UniMod_4)QEK,NSLESYAFNMK,NSLFEYQK,NSPLDEENLTQENQDR,NSVIKVPMMNSK,NSWGEEWGMGGYVK,NTEILTGSWSDQTYPEGTQAIYK,NTFAEVTGLSPGVTYYFK,NTGIIC(UniMod_4)TIGPASR,NVDGVNYASITR,NVVYTC(UniMod_4)NEGYSLIGNPVAR,NWGLGGHAFC(UniMod_4)R,PALEDLR,PIVTSPYQIHFTK,PNHAVVTR,PPTSAHGNVAEGETKPDPDVTER,PTLVEVSR,QALNTDYLDSDYQR,QALPQVR,QAPGQGLEWMGR,QC(UniMod_4)VPTEPC(UniMod_4)EDAEDDC(UniMod_4)GNDFQC(UniMod_4)STGR,QDGSVDFGR,QELSEAEQATR,QEPERNEC(UniMod_4)FLQHKDDNPNLPR,QFTSSTSYNR,QGIPFFGQVR,QGVNDNEEGFFSAR,QHM(UniMod_35)DSDSSPSSSSTYC(UniMod_4)NQMMR,QHMDSDSSPSSSSTYC(UniMod_4)NQMMR,QHVVYGPWNLPQSSYSHLTR,QIGSVYR,QINDYVEK,QINDYVEKGTQGK,QKPDGVFQEDAPVIHQEMIGGLR,QKVEPLRAELQEGAR,QKWEAEPVYVQR,QLEWGLER,QLKEHAVEGDC(UniMod_4)DFQLLKLDGK,QLNEINYEDHK,QNC(UniMod_4)ELFEQLGEYK,QPSSAFAAFVK,QQETAAAETETR,QQLVETHMAR,QQTEWQSGQR,QQTHMLDVMQDHFSR,QRQEELC(UniMod_4)LAR,QSGLYFIKPLK,QSTNAYPDLR,QTALVELVK,QTHQPPAPNSLIR,QTQVSVLPEGGETPLFK,QTVSWAVTPK,QVVAGLNFR,QWAGLVEK,QYNVGPSVSKYPLR,QYTDSTFRVPVER,RELDESLQVAER,RGEQC(UniMod_4)VDIDEC(UniMod_4)TIPPYC(UniMod_4)HQR,RGYQLSDVDGVTC(UniMod_4)EDIDEC(UniMod_4)ALPTGGHIC(UniMod_4)SYR,RIPIEDGSGEVVLSRK,RLEAGDHPVELLAR,RLEGQEEEEDNRDSSMK,RLGMFNIQHC(UniMod_4)K,RLPIGSYF,RLYGSEAFATDFQDSAAAK,RNTEILTGSWSDQTYPEGTQAIYK,RPC(UniMod_4)FSALEVDETYVPK,RPDSLQHVLLPVLDR,RPGGEPSPEGTTGQSYNQYSQR,RQEC(UniMod_4)SIPVC(UniMod_4)GQDQVTVAMTPR,RTHLPEVFLSK,RTPITVVK,RVDTVDPPYPR,RVWELSK,RYIETDPANRDR,SASDLTWDNLK,SASDLTWDNLKGK,SASLHLPK,SC(UniMod_4)C(UniMod_4)EEQNKVNC(UniMod_4)LQTR,SC(UniMod_4)DIPVFMNAR,SC(UniMod_4)DKTHTC(UniMod_4)PPC(UniMod_4)PAPELLGGPSVFLFPPKPK,SC(UniMod_4)DNPYIPNGDYSPLR,SC(UniMod_4)DTPPPC(UniMod_4)PR,SC(UniMod_4)ESNSPFPVHPGTAEC(UniMod_4)C(UniMod_4)TK,SC(UniMod_4)SPELQQK,SC(UniMod_4)VGETTESTQC(UniMod_4)EDEELEHLR,SDDKVTLEER,SDVMYTDWK,SDVMYTDWKK,SDVVYTDWK,SDVVYTDWKK,SEALAVDGAGKPGAEEAQDPEGK,SEGLLAC(UniMod_4)GTNAR,SEGSSVNLSPPLEQC(UniMod_4)VPDRGQQYQGR,SELEEQLTPVAEETR,SETKDLLFRDDTVC(UniMod_4)LAK,SEYPSIK,SFNRGEC(UniMod_4),SFPTYC(UniMod_4)QQK,SFQTGLFTAAR,SGEATDGARPQALPEPMQESK,SGELEQEEER,SGIEC(UniMod_4)QLWR,SGINC(UniMod_4)PIQK,SGIPIVTSPYQIHFTK,SGLSTGWTQLSK,SGNIPAGTTVDTK,SGSAHEYSSSPDDAIFQSLAR,SGSDEVQVGQQR,SIAQYWLGC(UniMod_4)PAPGHL,SIDVAC(UniMod_4)HPGYALPK,SILENLR,SIVVSPILIPENQR,SKEFQLFSSPHGK,SKVPPPRDFHINLFR,SLAAAAGKQELAK,SLAELGGHLDQQVEEFRR,SLAPYAQDTQEK,SLDFTELDVAAEK,SLEDLQLTHNKITK,SLEDQVEMLR,SLGEC(UniMod_4)C(UniMod_4)DVEDSTTC(UniMod_4)FNAK,SLGNVIMVC(UniMod_4)R,SLGSPSGEVSHPR,SLHTLFGDK,SLNNQIETLLTPEGSR,SLPSEASEQYLTK,SMEQNGPGLEYR,SNAQGIDLNR,SNLDEDIIAEENIVSR,SNSSM(UniMod_35)HITDC(UniMod_4)R,SNSSMHITDC(UniMod_4)R,SNVSDAVAQSTR,SPAINVAVHVFR,SPELQAEAK,SPFEQHIK,SPMYSIITPNILR,SPQGLGAFTPVVR,SPVDIC(UniMod_4)TAKPR,SPVGVQPILNEHTFC(UniMod_4)AGMSK,SRGPGAPC(UniMod_4)QDVDEC(UniMod_4)AR,SRYPVC(UniMod_4)GSDGTTYPSGC(UniMod_4)QLR,SSALDMENFR,SSFVAPLEK,SSGLVSNAPGVQIR,SSGQWQTPGATR,SSNLIILEEHLK,SSNTYTLTDVRR,SSPVVIDASTAIDAPSNLR,SSQGGSLPSEEK,STGGISVPGPMGPSGPR,STNLHDYGMLLPC(UniMod_4)GIDK,STSSFPC(UniMod_4)PAGHFNGFR,STTPDITGYR,SVIPSDGPSVAC(UniMod_4)VK,SVIPSDGPSVAC(UniMod_4)VKK,SVLGQLGITK,SVPMVPPGIK,SVPPSASHVAPTETFTYEWTVPK,SWFEPLVEDM(UniMod_35)QR,SYELTQPPSVSVSPGQTAR,SYLSMVGSC(UniMod_4)C(UniMod_4)TSASPTVC(UniMod_4)FLKER,SYTITGLQPGTDYK,TAKDALSSVQESQVAQQAR,TALASGGVLDASGDYR,TASDFITK,TATSEYQTFFNPR,TC(UniMod_4)VADESAENC(UniMod_4)DK,TC(UniMod_4)VADESAENC(UniMod_4)DKSLHTLFGDK,TDASDVKPC(UniMod_4),TEGDGVYTLNNEK,TEHLSTLSEK,TEIDKPSQMQVTDVQDNSISVK,TELLPGDRDNLAIQTR,TFHEASEDC(UniMod_4)ISR,TFISPIK,TFTC(UniMod_4)TAAYPESK,TFTLLDPK,TFYEPGEEITYSC(UniMod_4)KPGYVSR,TFYSC(UniMod_4)TTEGR,TGAQELLR,TGDEITYQC(UniMod_4)R,TGTTGQSGAESGTTEPSAR,TGYYFDGISR,THLAPYSDELR,THLAPYSDELRQR,THLGEALAPLSK,THLPEVFLSK,THPHFVIPYR,TINPAVDHC(UniMod_4)C(UniMod_4)K,TKEEYGHSEVVEYYC(UniMod_4)NPR,TKKQELSEAEQATR,TLEAQLTPR,TLKIENVSYQDKGNYR,TLLSNLEEAK,TLLSNLEEAKK,TLVVHEKADDLGKGGNEESTK,TLYSSSPR,TM(UniMod_35)LLQPAGSLGSYSYR,TM(UniMod_35)QENSTPRED,TMLLQPAGSLGSYSYR,TMQALPYSTVGNSNNYLHLSVLR,TMQENSTPRED,TMSEVGGSVEDLIAK,TNFDNDIALVR,TNTNVNC(UniMod_4)PIEC(UniMod_4)FMPLDVQADREDSRE,TPC(UniMod_4)QQELDQVLER,TPC(UniMod_4)TVSC(UniMod_4)NIPVVSGKEC(UniMod_4)EEIIR,TPENYPNAGLTMNYC(UniMod_4)R,TPEVTC(UniMod_4)VVVDVSHEDPEVK,TPLGDTTHTC(UniMod_4)PR,TPLPPTSAHGNVAEGETKPDPDVTER,TPLTATLSK,TPSAAYLWVGTGASEAEK,TPSGLYLGTC(UniMod_4)ER,TPVSDRVTK,TQSSLVPALTDFVR,TQVNTQAEQLR,TQVNTQAEQLRR,TSAHGNVAEGETKPDPDVTER,TSESGELHGLTTEEEFVEGIYK,TSLEDFYLDEER,TSPVDEKALQDQLVLVAAK,TSTDLQVLAAR,TTPEPC(UniMod_4)ELDDEDFR,TTPPVLDSDGSFFLYSK,TTPPVLDSDGSFFLYSR,TVAAC(UniMod_4)NLPIVR,TVAAPSVFIFPPSDEQLK,TVFGTEPDMIR,TVQAVLTVPK,TVVQPSVGAAAGPVVPPC(UniMod_4)PGR,TYETTLEK,TYLGNALVC(UniMod_4)TC(UniMod_4)YGGSR,VAAGAFQGLR,VAHQLQALR,VAPDEHPILLTEAPLNPK,VASYGVKPR,VAVVQYSGTGQQRPER,VC(UniMod_4)PFAGILENGAVR,VC(UniMod_4)SQYAAYGEK,VDGALC(UniMod_4)MEK,VDNALQSGNSQESVTEQDSK,VDNALQSGNSQESVTEQDSKDSTYSLSSTLTLSK,VDSGNDVTDIADDGC(UniMod_4)PKPPEIAHGYVEHSVR,VEHSDLSFSK,VEKPTADAEAYVFTPNMIC(UniMod_4)AGGEK,VEPLRAELQEGAR,VEPYGENFNK,VFAVSHGR,VFNTPEGVPSAPSSLK,VFQEPLFYEAPR,VFSNGADLSGVTEEAPLK,VFSNGADLSGVTEEAPLKLSK,VGFYESDVMGR,VGGVQSLGGTGALR,VGYVSGWGR,VHKEDDGVPVIC(UniMod_4)QVEHPAVTGNLQTQR,VHTEC(UniMod_4)C(UniMod_4)HGDLLEC(UniMod_4)ADDR,VHTEC(UniMod_4)C(UniMod_4)HGDLLEC(UniMod_4)ADDRADLAK,VHVSEEGTEPEAMLQVLGPKPALPAGTEDTAKEDAANR,VHVSEEGTEPEAMLQVLGPKPALPAGTEDTAKEDAANRK,VIAVNEVGR,VKDISEVVTPR,VKDLATVYVDVLK,VKSPELQAEAK,VLDLSC(UniMod_4)NR,VLEPTLK,VLLDGVQNPR,VLLDQLR,VLNQELR,VLSIAQAHSPAFSC(UniMod_4)EQVR,VLTPTQVK,VMDKYTFELSR,VMPIC(UniMod_4)LPSKDYAEVGR,VMTPAVYAPYDVK,VNGSPVDNHPFAGDVVFPR,VNHVTLSQPK,VPEARPNSMVVEHPEFLK,VPEEDLKR,VPFDAATLHTSTAMAAQHGMDDDGTGQK,VPMMSDPK,VPQVSTPTLVEVSR,VPVAVQGEDTVQSLTQGDGVAK,VQAAVGTSAAPVPSDNH,VQPYLDDFQK,VQPYLDDFQKK,VRGGEGTGYFVDFSVR,VRQGQGQSEPGEYEQR,VSEADIQR,VSEADSSNADWVTK,VSPTDC(UniMod_4)SAVEPEAEK,VSTLPAITLK,VTAAPQSVC(UniMod_4)ALR,VTEIWQEVMQR,VTEPISAESGEQVER,VTGVVLFR,VTIKPAPETEKRPQDAK,VTIPTDLIASSGDIIK,VTLTC(UniMod_4)VAPLSGVDFQLR,VTSIQDWVQK,VTTVASHTSDSDVPSGVTEVVVK,VVEESELAR,VVEQMC(UniMod_4)ITQYER,VVVNFAPTIQEIK,VYAC(UniMod_4)EVTHQGLSSPVTK,VYC(UniMod_4)DMNTENGGWTVIQNR,VYTVDLGR,WC(UniMod_4)AVSEHEATK,WEAEPVYVQR,WELALGR,WGYC(UniMod_4)LEPK,WKNFPSPVDAAFR,WLPSSSPVTGYR,WQEEMELYR,WSGQTAIC(UniMod_4)DNGAGYC(UniMod_4)SNPGIPIGTR,WSRPQAPITGYR,WSSTSPHRPR,WYEIEKIPTTFENGR,WYFDVTEGK,YAMVYGYNAAYNR,YANC(UniMod_4)HLAR,YFIDFVAR,YGFIEGHVVIPR,YGLDSDLSC(UniMod_4)K,YGLVTYATYPK,YGQTIRPIC(UniMod_4)LPC(UniMod_4)TEGTTR,YHDRDVWKPEPC(UniMod_4)R,YIETDPANR,YIFHNFMER,YIVSGTPTFVPYLIK,YKAAFTEC(UniMod_4)C(UniMod_4)QAADK,YLFLNGNK,YLGEEYVK,YLQEIYNSNNQK,YLYEIAR,YNSQNQSNNQFVLYR,YPGPQAEGDSEGLSQGLVDREK,YPNC(UniMod_4)AYR,YPSLSIHGIEGAFDEPGTK,YQC(UniMod_4)YC(UniMod_4)YGR,YSLTYIYTGLSK,YTTEIIK,YVGGQEHFAHLLILR,YVM(UniMod_35)LPVADQDQC(UniMod_4)IR,YVMLPVADQDQC(UniMod_4)IR,YVNKEIQNAVNGVK,YWGVASFLQK,YYC(UniMod_4)FQGNQFLR,YYTYLIMNK,YYWGGQYTWDMAK
56538_12,12,56538,10.0,10.0,39.0,5.0,1,0,0.9845402387959052,-0.5925071096946465,0.8332507934855773,-0.920293053528064,0.2482121843644602,0.7353496913582552,-1.509850767127968,-0.3246880221497549,-0.6425280019633334,0.0098693968190162,-0.4364738777344142,1.155759231112586,0.7375251852234691,-1.0110253703281284,1.503110010634488,-1.2561446359255617,0.4168805185745736,1.7475912731321688,2.468241154704145,-0.9939797624663348,-1.4992818126638092,0.9794773595305027,-2.4177086939306904,0.8051763673768679,1.4427719864678787,-0.3762404850240311,0.969458069447466,2.548377602932342,0.1350781992498319,1.3166960174040587,-1.1427528140302767,0.1322431120071338,-0.9610126645773596,-0.3814040971305192,2.0426651038193917,3.46989744497464,1.287291244284755,0.4564811610464172,6.1269545759690365,6.844491775254914,6.5099380210820845,6.357805696808546,2.249274199585416,-1.0714514001708646,2.5904420838714244,-0.6443344513669831,0.2763572338757063,-0.0712106558491415,-0.3315181632428596,0.8823623303772394,-0.589922087543405,2.312794728597049e-16,-0.784264301261704,-0.062239964300781,0.355942213898326,1.3812379488482371,0.7507858986581012,-1.0995585692802254,0.4058144151401036,0.6671615014164842,1.3547688716227568,-0.64980562030736,-1.111721968175248,-0.7263178216800995,-1.638999489434939,-0.590723500090182,0.4178308289490828,-1.2658726031938023,0.785588717951272,2.03074142100941,2.846636522424996,0.2156149042019178,-0.5837968949178377,-0.291875921719482,0.9873865953469476,-0.535144768426022,0.7052153565496909,1.838346698155018,-0.4532125078466832,0.4785838237914253,-0.2063764539531274,-7.810744852765696e-17,1.6801197913049557,-0.0695470386302212,-1.1083816219145364,-0.5290106629353978,2.618233612097739,-0.2043689209249492,4.2438902814667604e-17,-0.2125287310184609,-0.5431488044910687,1.153601859507739,2.3968715651372703,-2.7957534166581643,-0.9407883508238956,1.8561413254991648,-0.3003179874487464,0.1234663514381251,-0.5177566984090053,3.601456423545262,-0.0959014536220683,0.7850593093210856,-0.2959453706541311,-0.4728342357947159,1.9652772792437648e-16,-2.5163088719265385,1.015915188937599,-1.736667598232149,-0.7516146203833636,0.4962573109105627,0.6071335770175635,-0.3404126129564018,-1.599330777240179,-1.0636798966488736,-0.8690677802675896,1.1311209262757254,-1.186462903006306,1.849378962274242,-1.165716681828781,0.9499163172702526,1.135193168333954,0.2204789817643575,0.4073626734628056,0.21486864994573,-1.4044147538788416,1.0973921955013968,0.7240973606447618,-0.8392405075438405,-0.6798116115195872,-0.3654858607669754,0.0710745792807514,-0.5406677200348196,1.5349396159858328,-0.8510525135652302,4.0759786498250863e-17,0.0582492381029317,-0.9505728704309852,1.051881486207609e-17,0.3041277850717256,-1.4541477788813144,0.1732172059768155,-1.08045609757868,-7.516119484973857e-17,1.218038683470024,-0.2617038581371816,-0.0902138648552768,0.8099887334899973,1.001939859744723,-1.7677650899668194,-1.310260793832118,0.9633989550784848,0.1028832998940087,0.7289412113877504,0.4549099490140034,3.1327510143942345,1.975956345078892,1.7956207514810951,0.1232252060785372,-0.128619695332315,0.0785956548079356,0.5811022421616155,0.2329801981082641,-0.2447092244924638,1.4034291054949168,0.5175343956893711,1.349257822418516,0.0378677527697108,-1.426662084493311,-2.4106651429922485,-1.0561672219280512e-16,1.685531659321811,-0.9205027783344788,1.8763788244075472,1.2743495057286915,-1.05131041939046,3.5759992553469457e-17,0.0773494663905762,1.4491686270446749,0.0447521824784053,-0.180525990765107,1.455913334120608,-1.8827822811995376,-1.296754674089755,-0.7117335202555842,0.5481445021156424,-1.0291740237225215,-0.5295418490976946,-1.2569875181100845,0.3455978906990246,-1.7355628172701574,1.9626414517718122e-16,-0.187848538242508,-0.8056123984953847,1.799770218065835,1.392647430622301e-16,0.1011922098244959,2.029937944735221,-1.1098122125242402,0.5142460861985697,-1.0905401273696849,-2.544314674787717,0.1140772626002385,1.412217940107643,-1.003173497265631,-0.4280307426191303,0.5495161358317739,-1.312297648304367,1.1417066484713407,-1.9578903192386168,-0.2330592313493419,-0.5109449247117186,-1.3036986851127697,0.3094003214011854,-3.3265109352064617e-17,-1.2272972754569067,1.2357417476808927,-0.3892062597403428,0.7029363375756761,0.7543436610798406,-0.4791227236841955,0.3173054470201851,2.03162484803001,-0.9307973648916312,3.653236125248516,1.6401079718202545,0.0616444961146802,0.787285197582482,-0.0796920102008925,1.3067316560503033,3.067473658360153,-0.7117335202555842,-0.4643571056266198,0.1673398103015628,2.653239222523246,1.010130906773475,-0.5609837037416346,-1.1389621812804311,0.0283240312870469,1.1743957086706656,6.653021870412922e-17,-0.253206447176605,-0.4278521817479478,0.1522315749917606,0.6615955713574412,0.0881803579695408,0.8229134109203443,-0.1449932007041645,2.876399248486127,0.241117592707156,4.907846045659893,2.915671099097618,-2.5107276046729354,-1.527410004040152,-0.784198119812283,4.385510750933795,1.4404882868404905,-0.4692106522852665,2.073475133498912,-1.9631670852834615,1.2741481387957887,-0.0785430709389917,0.5750553265564736,-0.6381535782829013,-0.930742167906402,2.5155152890060117,-1.4044147538788416,-2.178940338415738,1.11434734326594,-0.4405128366390159,-0.9684109381060532,-0.920293053528064,1.6963736560556268,-1.2452260084787512,0.6219690811940337,-0.4837834799793604,2.6123329151877046,1.3274601621951685,-9.314230618578092e-17,-0.987228894459964,0.6417061008800539,0.4112431240200885,-0.7834412231713924,-0.070567039048694,0.5139247665790929,1.7275903888791782,-0.4283441737503217,2.650077304055803,1.1372843270396238,-1.0299827870414515,-0.756989281838025,-0.9968151446298026,3.253003053847958,-0.4264147285348872,2.0426651038193917,0.0735990509245037,1.392647430622301e-16,-0.2818714979912827,1.654855567568256,-2.1070714938129838,-1.7649129950419284,-0.5682361113117023,0.5554164683098313,2.3965293907789,-1.08053317809619,-0.8013797692248229,0.3070188570861488,0.3857343954822499,-0.7232138564767766,2.6114852362053327,1.0594359566833211,-1.724009066879391,-2.1599957593038663,2.1457511958628763,-0.3404126129564018,-2.605503120130229,1.1189283582144467,-0.9168184760460664,-1.4021538065982926,-1.4269240936186764,-0.992433722949555,-1.1084202026465375,0.1527762584262312,-0.959719525288184,-3.143552833770106e-16,4.138362513246247,2.082425983765525,0.058696408479159,-0.6244923171906381,-1.906704274244287e-16,-0.1691457609808326,-0.5499541162940661,0.3828186483388563,-2.392524302447342,-1.1066989075120557,8.815253978297126e-17,0.6636874781107827,-3.845699518852156e-16,-3.248301145866955,-0.610879961994095,1.0970789269851362,-2.390400608170794e-16,0.3404281506354173,0.1605556268250666,1.3195313485657595e-16,-0.0897895488600903,-0.2208208084412803,-1.8345911484745223,-0.7999170870379694,0.3260151047483136,-1.2807067100544876e-16,-1.393346005427922,-1.1317422650611637,-0.2175587270798187,-1.9100357046183225,-0.3814040971305192,-0.1816955681926495,-0.7578974608023641,-0.4247351322588528,1.5077009448495924,-0.3744993583941123,0.8636387066768715,-0.2374393214756348,4.131519175085408,-0.5992346386738064,3.825392242710965,1.6205165027800477,-0.7004998593647042,-0.683571900276745,-1.5137265801411846,2.2817796256202247,-1.5099123997892017,0.3232113192026523,0.8098351260555894,-0.2591587050952894,0.2204789817643575,1.0014940037572466,0.6006368349545417,2.0529712856368394,1.2875445543528563,0.5175343956893711,0.4503397482491669,-0.7826538066890147,0.2307138381309411,-1.2569875181100845,-0.932816731109203,2.164802974025928,0.3827425140434961,-0.3542453469406696,1.658172866134627,-0.4411615766629669,2.620464110696574,1.7957842320619084,-0.7817554031476491,1.153601859507739,1.3942072013122488,0.1140772626002385,1.2325795600422844,-0.3721250655719916,1.1100798152172244,-0.650645556654464,6.1269545759690365,-0.3462909498782245,1.3733355477250526,3.943680438971558,0.6247577912189339,-0.3666892977038162,1.2357417476808925,0.4549099490140034,0.93980334362808,-1.2141764913503582e-16,-0.94052738321359,4.021110316105386,2.421814579327242,2.029937944735221,0.1224897865514038,-2.7942691855734276e-16,5.714748497580275e-16,1.0977486086181324e-16,-0.2226438197099518,1.9298156279193728,1.132829014454184,1.243319911573744,2.927637251920659,0.7052153565496909,0.8789334168710042,1.8497432291312297,1.080203293307051,-3.12696632438868,3.5759992553469457e-17,0.0321103127060164,-0.9484973572007972,1.3166960174040585,7.655887744994772,2.235828556320376,3.330721600783901,0.2493993672838158,7.151998510693893e-17,-0.2959453706541311,3.0966245109361576,-0.6896802709653942,2.312794728597049e-16,-1.203669814433121,2.556641985235137,0.1568207449107617,3.710550942976324,-2.328557654644523e-16,-1.663522322824638,-2.7957534166581643,-0.1022468264810166,2.290058986232176,-1.2858933197943176,1.412217940107643,0.5481445021156424,-0.4962711183860553,1.0749148473294754,4.296974829292126,-0.2497785687446052,1.702982479753127,0.013938572416297,1.500192860710619,1.9969784622075577,2.242560370086609,2.637062316708529,1.5739752693430822,1.051881486207609e-17,-0.2617038581371816,0.3278396289896694,0.0595659133798217,0.3515839401157406,1.5933974915655558,1.495972925320343,-0.7043536668960616,0.4503016104773317,-1.3460484398772357,4.242496125652835,1.0657266782641144,2.117596986160321e-16,-1.3555993293027018,-0.0324546849024596,-0.2063764539531274,1.838346698155018,1.2743495057286915,-0.0303794479684528,0.0274413887830104,-0.7490141651090878,2.0923645036726202e-17,3.9429842477382726,-1.0121087632353971,-0.4791227236841954,-0.7208969428786108,1.2712963139778182,-0.128619695332315,-0.5942855407288709,-2.5282916542329503,-1.8827822811995376,0.5334076362418573,1.4969299208429081e-16,0.7264598444582612,1.5468275848710047e-16,0.4476021165835933,0.6473346303676518,3.0256283378017312,2.456414386877688,0.0514247352035079,1.0229413678143549,1.386865369609169,-0.9411082516369372,0.0778916775581749,0.6332165006027104,2.699081832021823,1.6841676593023602,0.7783116938727364,1.2340705024018024,-0.9069418217223132,-1.245356445509712,-0.9610126645773596,0.1350781992498323,0.7648684813317768,0.7289412113877504,-0.4055607504469873,-0.0538217625219624,2.002166222091967,1.1110871776109864e-17,0.3065513899069981,-0.1658462471953209,-7.516119484973857e-17,0.099886902311954,0.7425082182682049,-0.2256833574489464,3.583281601966193,-6.255436066453476e-18,6.031705945253104,1.3835290719745137,1.3340474115041527,-1.5046728591470375,-0.6268413384041123,2.022074031499509,0.1456849283352068,-1.4541477788813142,1.4034291054949168,-1.2487237872593184,-1.5107518655241003,-1.8235441712082945,-2.2049273838088514,0.6063666466403348,0.5453586056605021,-0.4579955567374875,-0.3402665383458054,0.6174103765442881,-0.818976687358483,1.3169714843637546,-2.663627477745026e-16,0.9760216220146988,1.4107084830806154,0.1449180006831051,-2.1731735203902427,-0.0531458240924337,4.533299671029908,1.204376349811901,-0.4111718169550979,-0.5109449247117186,0.1158090646632099,1.3287892871006382,-1.5022625911148253,0.9047763062651106,0.7717713389820177,-0.729509220774172,-0.3427949145860539,2.292194596273061,3.5959360804838423,-0.4111652503685694,1.6973774310531493,-0.6652806346645547,-1.7249046351675603,2.076605055919878,-1.3036986851127697,-0.4532125078466832,2.2825505440288234,1.138007941684553,0.2742231388074361,0.3644992734456562,0.2889696411402819,-0.3459919763391447,0.534863922471818,-0.7155515279133998,-1.086708958124734,-1.1473913319347226,-0.1403175490951161,1.229447520083966,2.7103620948592267e-16,-1.0636798966488736,-0.6059721762999166,1.8693945286107396,2.9938598416858147e-17,-0.2386425059815076,-0.5305744000714054,0.3982274814522837,0.911518208668898,1.0129804751838805,1.0159151889375988,0.1028832998940087,-0.634763753006618,-0.9991490016551392,1.9405754124757844,0.3675926390339208,2.6793918292091585,2.271969101818233,-1.0905401273696849,1.688176834505983,-1.7171913778138947,-0.1141348754182072,0.88049459225159,-2.633370451682052,0.21486864994573,1.4300522296816924,-0.5177566984090053,1.1831677282627142,1.3067767981599778,1.1790853879817351,-1.186462903006306,2.781216874338717,2.32443971162338,-1.2529985701143986,2.494460178195953,-0.2330592313493419,0.981275020932139,1.9663646674325463,-0.7098029993069822,2.283016503226741,2.1650923366887698,3.831827940670928,-2.574094107124598,-0.6898785031443667,1.1421570179335063,-0.2823494716673111,1.000798328939236,1.399972058693502,-2.0575220381180466,1.8255463275860764,1.437384981452794,0.3631184849176898,2.450020198724913,0.9024632219707592,-1.6049926080699817,-0.9905565272403082,0.774754956573127,-0.655623526499928,-1.2824267212411946,0.8015644474700131,0.8708324838903025,-0.6471457917969993,0.7240271717309578,0.1054045313728056,-0.4661802026198683,0.6740433467156303,-2.653045764842658,0.4566608115209403,1.640107971820254,2.846636522424996,0.3585062841018633,-0.7037883682480611,-2.679393743220179,2.4533682130022627,1.4677544279993384,1.9326355628973648,1.1172375953000624,1.836260833624016,-0.800277961989596,-0.298582751430288,-0.6552824274718544,7.082956667108921e-17,0.8042971251689311,-0.201189630302172,2.5980998122380563,0.4527689101634911,-0.0203721735469712,-3.6169686745769063,-0.5514578832547696,-0.2468541886616389,-0.0743125148660596,1.3308898094298127,1.0795707929064935,0.0532591080218057,2.481085478138813e-16,-1.7703697341827984,-1.912619418865264,0.0616444961146802,1.5020121697625204,0.4602543105144194,-1.517679864310599,1.57255611000491,-1.03699362397065,-1.137822018437305,-2.5327715621586977,-0.2313742035885811,0.0581024577180822,3.126920279094074e-16,0.1636308490625977,2.2603153389619277,-0.6097021339519711,4.2579339970642713e-16,3.579499830638435,2.0920892372412028,-0.486745568323271,-1.367129909374685,0.5641879176394158,1.538137187566646,-0.094244429970811,1.2516075436093426,0.0580446100069473,-0.2621540534699405,-0.8356992598570704,0.1292488592606409,0.219312881529942,1.4553344262107129,1.685531659321811,0.4500720516313011,-0.3110916144705432,0.4456376686176723,0.0217717669747404,-3.511795334125265e-17,0.4774290838924441,1.675226630111616,2.279248285016757e-16,0.0155745793579161,-0.8016430347474732,0.5671569297479494,0.7166604175858087,-1.6574563142808023,0.7031659060009191,-0.3003179874487465,2.2507303147852253,0.936855822657064,-0.3654858607669754,2.9708731179857515,0.2644076223588494,1.946364823614377,0.3094003214011854,0.3871392632723175,0.5265237114565225,3.46989744497464,0.2989614863310076,1.287291244284755,-0.908911394480108,-0.8197725966336945,-0.1243446570552913,-0.7608351620367013,-0.8043625527694729,1.9626414517718122e-16,1.2622813512036266,0.1776084851907425,-1.2107493261010205,-0.8841350944524696,2.6900541707529,-0.5074726721151127,-1.2469777511089617,1.7210168772922885,0.170624591642102,0.7671951637060656,0.591616112844962,-0.2162640044311129,-0.2846872265351502,-1.6614379483219004,3.782455924147414,-2.2371853513416884,0.7102492830837344,0.2329801981082641,0.9901942379885676,0.4088193750638637,0.6820488610871526,-3.203614351246521e-16,-0.5090603466370576,2.7308599759518364,2.65631237314789,-3.4193918523084665,2.5806745003641605,-1.5564636299979135,-0.6578107834942055,-0.775645015460027,-1.3011026033310986,-0.3986093394411467,3.3926389070766487,2.562935702448175,1.1031941957109229e-17,-2.5244156055129153e-16,1.7956207514810951,1.9433931210777968,2.1223875255355478,1.816579799372945,1.7785575868256664,0.4470245414736746,0.2289350176755586,-0.7822544004295963,1.5969687041063725,-0.5394935586294926,2.3714905690664616,-0.0616604457182468,2.4351933331774958,1.2476064764473385,0.2440541902527419,-1.3000901454156628,-0.9706806684985768,1.573316881172415,-2.5202895248978017,-0.9921712557157828,-2.4167981850705336,-0.4101386648461318,2.578045974785008e-16,-0.4176518239298494,0.5305566446452031,-0.4211992441155641,-1.4194113159217323,-1.6548140414029793,1.008831753973904,1.8584151667400144,3.039662360336857,0.5194737503068975,0.9857025029456232,-0.8594065309030242,0.9845402387959052,-1.463664811490843e-16,-1.5625276366818297,-0.3145452679425404,4.605276335411715,-0.2908712513572215,0.9024912600744962,-0.2309296553477977,-1.0553623858343546,1.4303752914796235,1.039965527368528,-8.057826751468442e-16,-2.5163088719265385,1.1638635907626682,1.2588639253798226,3.448902412360777,0.2964836909324679,1.4290192124086158,1.8586449650389925,0.3136722489463038,0.7519818387751186,0.2193560574362492,-2.2338571873504147,-0.8290376316633841,1.7982003234555457,-1.053360151608902,1.135193168333954,-0.4278272844174929,0.9628952943069148,-0.0747369664753081,0.91809303870357,1.217984272154312,2.4868135777702776,-0.8550492362919713,0.3173054470201851,1.6428643557910283,-1.8525731473541591,-0.0531445173040523,2.955847926175413,0.6250565681428071,-2.9257199010149755,4.3244642157684e-16,-2.0572247528132224e-16,-3.3265109352064617e-17,-0.0902138648552768,-0.3220120099693323,0.7301029820913322,1.877878385772956,-0.1225487831129282,0.4804509231258073,3.4003797137828173,-0.4311154949654128,-0.5090617133549599,-1.0097949911291753,0.3418913950578961,-0.8421141396774735,0.5867616556141207,-1.5789609654248564,4.669706529927868,-0.6675788555074121,-1.827129212787903,-0.8392405075438405,-2.079941826640455,2.093930561667752,-2.8364591331444617,4.001763906010835,-2.262027435940394e-16,-3.991813122247754e-17,1.6509045964161913,1.1126264214099808,-1.6899020762040953,1.5214742865018256,0.2645576475325639,-0.087236561761759,-0.1137056597274151,2.581010050215021,2.299947800654968,0.506969000670158,0.687744676642937,0.8732622827284012,1.2850017865043977,-0.7170724435877778,-0.2151118310984109,0.7087683478409681,-2.803555745328329,-0.2470892402333439,-1.4255068998574307,-0.016766536026485,-3.150260116321711,1.868010001867768,1.7652328332271088,3.633704985455401e-16,2.706110530162148,2.404654997981516,-1.4366695541720107,-2.266891656095628,-2.494208344301495,-0.2402668618621593,-1.50735467041565,5.821394136611307e-17,-3.9537455416620935e-16,0.9372174087742762,0.4407062099486862,-0.3755881921558323,-0.316604166202121,4.453282392009259,2.3545320033736923,-1.1168265991775517,-1.5280979847178509,4.0759786498250863e-17,1.102150753418525,1.9594426210941416,-0.3521967090927054,-0.5882004732404735,-0.6133790175047061,-0.234809481830776,-0.9556627670074516,1.1557592311125862,-1.489814176484574,1.196282435749224,-0.0238822760154563,0.9067954662493942,-1.363869483434649e-16,-0.8779300911392544,-0.1532991429738668,-1.0582400458181505,-1.0121083943636622,-1.088366470806182,1.5026697083282106,2.8369532869653686,1.251305277557785,3.653236125248516,-0.3906677809304502,3.464219223152951,-0.1178763601952827,0.2751109598847166,0.3549393593289525,-1.9919910432675385,2.94528701952931,-1.990330199415924,-1.0561672219280512e-16,1.52332942220148,1.57835702517937,1.5699582803635177,-0.6730928730557897,-1.7337390656324114,-1.5472682914036031,0.6789436138816938,-1.9365519649391616,-2.2234162916386047,-3.542734145994881e-16,-0.5592166976263125,-0.9114738511778248,-0.0813226281799659,4.783902527667335,-0.4882751715621702,-0.3650607891127198,-2.4106651429922485,-1.5895979951365764,-0.8764247897758844,-1.017868811060192,2.509591519682726,-1.296754674089755,-1.809943153019395,1.591779925892684,-2.544314674787717,-0.4945428199155142,0.5120231566899487,1.7585151867649111,0.5956225222799634,-0.9833746922027736,4.471659383609148,-2.2681126163437693,1.2350488739423666,0.5458927626433205,-0.3155791114260605,-9.147905071817768e-18,-1.6870399915564749,0.2778232693676979,1.3691896792075593,-0.6404510275139013,0.9739654214218652,1.3216984621603054,0.6081823455452459,2.0122701577458075,0.4564811610464172,-0.9537858722649992,1.815475052664858,-1.393438481978215,-0.6425280019633334,1.998223854207424,-0.957464625894754,3.2927801616673245,4.242466569216015,1.2955937262875186,2.1112822175175485,-0.5590250197814117,2.5419429010924417,-0.0566429417494773,0.4947888449827202,2.118404180731843,-0.5026622709014752,-2.8798623178973563e-16,0.2141240146069291,4.576010581892237e-16,3.2250191743136143,0.5539883756607681,0.5142460861985697,1.835437108532704,0.0441584705501101,-0.8114077089311142,2.869553374343103e-16,-1.614931006175937,-0.960201718727366,-0.8865103545177258,1.274934220656608,-0.6179739034989403,-0.1515493097963864,-1.4783861793853952,0.6019809367643351,0.117416627669975,-1.3715893739658107,-0.4556671808324122,2.0635298585172546,-0.0041273752443197,-0.5290675315560683,1.1898111343295557,-0.0469358721096145,4.93622703917729,0.0315920408391754,0.5668106233095033,0.484933302343187,-0.4698319111404452,1.013241404087023,5.796249769751768,-1.078655325277737,-6.12436883620995e-17,-0.7523900886855089,5.070415680269333,-1.4704124110533188e-16,1.3927793384713545,0.0098693968190162,1.7684876329419064,0.8232519529360796,-2.1799992278487283,-6.653021870412923e-18,3.004516350677597,6.073118397181525e-17,-1.312297648304367,0.926429230766726,6.682616642022477,2.5904420838714244,-1.2452696068123277,7.084639083256505,2.9018777941816305,1.7586801138177277,-1.7860738688140627,2.5091197811191086,-0.3200985419476777,-0.0297695036916704,-1.0644834992660676e-16,1.799770218065835,-0.7119284900232551,0.2218178484986877,1.1609122813796318,-0.7663877764732738,2.054229025067142,9.800617984754007,4.015979020015699,0.8047972122338636,1.6597238414169686,1.8187975310757083,-1.532899200634531,1.3196466632421575,1.634815678311926,-0.4515989645549557,0.3659838112975896,2.175355463847527,0.2365306126599503,2.833041185555846,2.262027435940394e-16,2.089298645511113,-0.3892062597403428,-3.398176911120731,0.8127530582075664,2.073589696610788,1.5655929317940698,-0.8739356748098643,1.4506133861266115,-0.0636592125976462,-0.6333589142513366,-0.1378281764002109,-2.003449514898673,-0.2278392332170352,0.7029363375756761,0.3917585060424022,0.6236233973881676,0.5011795254369543,-1.2504301355008964,1.6873769407111217,-0.5778971613415762,-1.7027720919455185,-2.0013700915258743e-16,-3.736101451092055e-16,-1.2272972754569067,3.837738900374377,1.503710372955657,2.663853460613486,5.012620371569387,1.7609773561394906,-1.1109018312290269,0.3107596206743097,-0.1216236801937533,0.3938732183102306,4.2438902814667604e-17,0.454905904910736,0.2501284969983801,1.1586702571960117,-1.1174855606510448,-4.1914037783601424e-16,0.7353496913582552,-1.3961851266664551,4.3048987883915295,-1.2960395311201025,0.6578771379961437,2.119503172740222,1.6664200598972485,-0.3640485157845705,-0.291875921719482,-1.1098122125242402,3.89923034398149,0.5373868435119451,6.844491775254914,-0.0473142546218121,-0.4518378793088294,1.5476491472670786,-3.3169699558507304,2.402671373210764,0.1971822694180524,-0.2438748213738883,1.025366990514373,1.0759459672336154,-0.3213092013709905,-0.9917676231640508,-1.4900403617202098,-0.4147315479990431,2.0455341314014586,0.2546008228470424,-0.7584952019135276,1.9073823451410437,1.1200076827907903,0.7779642494745199,-0.9169388556112574,3.982820538488568,-2.854254200345319e-16,-0.285941180975171,0.5934645753382312,0.6862309267591246,3.490624820134531,1.5486581218865825,1.1320954808596866,1.507569146952065,-1.1924113304492243,0.477311549488059,2.708387387047603,2.0063127480275798,-0.9058416888436456,2.073997136246419,-1.1484421704707448,1.7830127504037747,1.824922488443833,-0.9437113401187204,-0.7779705173429908,1.0686713062646649,3.4959657410306915,1.399104684817648
