visit_id,visit_month,patient_id,updrs_1,updrs_2,updrs_3,updrs_4,upd23b_medication_Off,upd23b_medication_On,O00391,O00533,O00584,O14498,O14773,O14791,O15240,O15394,O43505,O60888,O75144,O75326,O94919,P00441,P00450,P00734,P00736,P00738,P00746,P00747,P00748,P00751,P01008,P01009,P01011,P01019,P01023,P01024,P01031,P01033,P01034,P01042,P01344,P01591,P01594,P01608,P01621,P01717,P01780,P01833,P01834,P01857,P01859,P01860,P01861,P01876,P01877,P02452,P02647,P02649,P02652,P02655,P02656,P02671,P02675,P02679,P02747,P02748,P02749,P02750,P02751,P02753,P02760,P02763,P02765,P02766,P02768,P02774,P02787,P02790,P02792,P04004,P04075,P04156,P04180,P04196,P04207,P04211,P04216,P04217,P04275,P04406,P04433,P05060,P05067,P05090,P05155,P05156,P05408,P05452,P05546,P06310,P06396,P06454,P06681,P06727,P07195,P07225,P07333,P07339,P07602,P07711,P07858,P07998,P08123,P08133,P08253,P08294,P08493,P08571,P08603,P08637,P08697,P09104,P09486,P09871,P10451,P10643,P10645,P10909,P11142,P11277,P12109,P13473,P13521,P13591,P13611,P13671,P13987,P14174,P14314,P14618,P16035,P16070,P16152,P16870,P17174,P17936,P18065,P19021,P19652,P19823,P19827,P20774,P20933,P23083,P23142,P24592,P25311,P27169,P30086,P31997,P32754,P35542,P36222,P36955,P36980,P39060,P40925,P41222,P43121,P43251,P43652,P49588,P49908,P51884,P54289,P55290,P60174,P61278,P61626,P61769,P61916,P80748,P98160,Q02818,Q06481,Q08380,Q12805,Q12841,Q12907,Q13283,Q13332,Q13449,Q13451,Q13740,Q14118,Q14508,Q14515,Q14624,Q15904,Q16270,Q16610,Q562R1,Q6UX71,Q6UXB8,Q6UXD5,Q7Z3B1,Q7Z5P9,Q8IWV7,Q8N2S1,Q8NBJ4,Q8NE71,Q92520,Q92823,Q92876,Q96BZ4,Q96KN2,Q96PD5,Q96S96,Q99435,Q99674,Q99683,Q99829,Q99832,Q99969,Q9BY67,Q9HDC9,Q9NQ79,Q9NYU2,Q9UBR2,Q9UBX5,Q9UHG2,Q9UKV8,Q9UNU6,Q9Y646,Q9Y6R7,AADDTWEPFASGK,AAFGQGSGPIMLDEVQC(UniMod_4)TGTEASLADC(UniMod_4)K,AAFTEC(UniMod_4)C(UniMod_4)QAADK,AANEVSSADVK,AATGEC(UniMod_4)TATVGKR,AATVGSLAGQPLQER,AAVYHHFISDGVR,ADDKETC(UniMod_4)FAEEGK,ADDKETC(UniMod_4)FAEEGKK,ADDLGKGGNEESTKTGNAGSR,ADLSGITGAR,ADQVC(UniMod_4)INLR,ADRDQYELLC(UniMod_4)LDNTR,ADSGEGDFLAEGGGVR,AEAQEAEDQQAR,AEFAEVSK,AELQC(UniMod_4)PQPAA,AESPEVC(UniMod_4)FNEESPK,AFPALTSLDLSDNPGLGER,AGAAAGGPGVSGVC(UniMod_4)VC(UniMod_4)K,AGALNSNDAFVLK,AGC(UniMod_4)VAESTAVC(UniMod_4)R,AGDFLEANYMNLQR,AGKEPGLQIWR,AGLAASLAGPHSIVGR,AGLLRPDYALLGHR,AGLQVYNK,AIGAVPLIQGEYMIPC(UniMod_4)EK,AIGYLNTGYQR,AIPVTQYLK,AIQLTYNPDESSKPNMIDAATLK,AKAYLEEEC(UniMod_4)PATLRK,AKLEEQAQQIR,AKPALEDLR,AKWEMPFDPQDTHQSR,ALANSLAC(UniMod_4)QGK,ALDFAVGEYNK,ALEQDLPVNIK,ALEYIENLR,ALFLETEQLK,ALGISPFHEHAEVVFTANDSGPR,ALGISPFHEHAEVVFTANDSGPRR,ALMSPAGMLR,ALPGTPVASSQPR,ALQDQLVLVAAK,ALSIGFETC(UniMod_4)R,ALSSEWKPEIR,ALTDMPQMR,ALVQQMEQLR,ALYLQYTDETFR,ANAGKPKDPTFIPAPIQAK,ANRPFLVFIR,APEAQVSVQPNFQQDK,APHGPGLIYR,APLIPMEHC(UniMod_4)TTR,AQAGANTRPC(UniMod_4)PS,AQC(UniMod_4)GGGLLGVR,AQGFTEDTIVFLPQTDK,AQPVQVAEGSEPDGFWEALGGK,AQTTVTC(UniMod_4)M(UniMod_35)ENGWSPTPR,AQTTVTC(UniMod_4)MENGWSPTPR,ARAEAQEAEDQQAR,ASEGGFTATGQR,ASGSPEPAISWFR,ASHEEVEGLVEK,ASLVPMEHC(UniMod_4)ITR,ASNLESGVPSR,ASQSVSSYLAWYQQKPGQAPR,ASVGQDSPEPR,ASYGVKPR,ASYLDC(UniMod_4)IR,ATEDEGSEQKIPEATNR,ATEDEGSEQKIPEATNRR,ATEHLSTLSEK,ATFGC(UniMod_4)HDGYSLDGPEEIEC(UniMod_4)TK,ATLGPAVRPLPWQR,ATTVTGTPC(UniMod_4)QDWAAQEPHR,ATVNPSAPR,ATVVYQGER,ATWSGAVLAGR,AVC(UniMod_4)SQEAMTGPC(UniMod_4)R,AVDTWSWGER,AVGDKLPEC(UniMod_4)EADDGC(UniMod_4)PKPPEIAHGYVEHSVR,AVISPGFDVFAK,AVLPTGDVIGDSAK,AVSEKEVDSGNDIYGNPIKR,AVVFLEPQWYR,AVVVHAGEDDLGR,AYKSELEEQLTPVAEETR,AYLEEEC(UniMod_4)PATLR,AYLEEEC(UniMod_4)PATLRK,AYQGVAAPFPK,C(UniMod_4)AEENC(UniMod_4)FIQK,C(UniMod_4)APFFYGGC(UniMod_4)GGNR,C(UniMod_4)C(UniMod_4)AAADPHEC(UniMod_4)YAK,C(UniMod_4)C(UniMod_4)ESASEDC(UniMod_4)MAK,C(UniMod_4)C(UniMod_4)ESASEDC(UniMod_4)MAKELPEHTVK,C(UniMod_4)C(UniMod_4)TESLVNR,C(UniMod_4)C(UniMod_4)VEC(UniMod_4)PPC(UniMod_4)PAPPVAGPSVFLFPPKPK,C(UniMod_4)DSSPDSAEDVRK,C(UniMod_4)FLAFTQTK,C(UniMod_4)FSGQC(UniMod_4)ISK,C(UniMod_4)IIEVLSNALSK,C(UniMod_4)KPVNTFVHEPLVDVQNVC(UniMod_4)FQEK,C(UniMod_4)LAFEC(UniMod_4)PENYR,C(UniMod_4)LAFEC(UniMod_4)PENYRR,C(UniMod_4)LAPLEGAR,C(UniMod_4)LKDGAGDVAFVK,C(UniMod_4)LPVTAPENGK,C(UniMod_4)LVEKGDVAFVK,C(UniMod_4)LVEKGDVAFVKHQTVPQNTGGK,C(UniMod_4)LVNLIEK,C(UniMod_4)MC(UniMod_4)PAENPGC(UniMod_4)R,C(UniMod_4)NLLAEK,C(UniMod_4)PFPSRPDNGFVNYPAKPTLYYK,C(UniMod_4)PNPPVQENFDVNK,C(UniMod_4)PNPPVQENFDVNKYLGR,C(UniMod_4)QC(UniMod_4)DELC(UniMod_4)SYYQSC(UniMod_4)C(UniMod_4)TDYTAEC(UniMod_4)KPQVTR,C(UniMod_4)RDQLPYIC(UniMod_4)QFGIV,C(UniMod_4)REILSVDC(UniMod_4)STNNPSQAK,C(UniMod_4)STSSLLEAC(UniMod_4)TFR,C(UniMod_4)SYTEDAQC(UniMod_4)IDGTIEVPK,C(UniMod_4)TSTGWIPAPR,C(UniMod_4)TTPPPSSGPTYQC(UniMod_4)LK,C(UniMod_4)VC(UniMod_4)PVSNAMC(UniMod_4)R,C(UniMod_4)VDVDEC(UniMod_4)APPAEPC(UniMod_4)GK,C(UniMod_4)VNHYGGYLC(UniMod_4)LPK,C(UniMod_4)YTAVVPLVYGGETK,DAC(UniMod_4)GC(UniMod_4)C(UniMod_4)PMC(UniMod_4)AR,DALSSVQESQVAQQAR,DASGVTFTWTPSSGK,DC(UniMod_4)GSVDGVIKEVNVSPC(UniMod_4)PTQPC(UniMod_4)QLSK,DC(UniMod_4)HLAQVPSHTVVAR,DC(UniMod_4)SLPYATESK,DDKETC(UniMod_4)FAEEGKK,DDNPNLPR,DEPPQSPWDR,DFADIPNLR,DGAGDVAFVK,DGGFC(UniMod_4)EVC(UniMod_4)K,DGGFC(UniMod_4)EVC(UniMod_4)KK,DGLKYHYLIR,DGWSAQPTC(UniMod_4)IK,DIPMNPMC(UniMod_4)IYR,DKETC(UniMod_4)FAEEGKK,DKLAAC(UniMod_4)LEGNC(UniMod_4)AEGLGTNYR,DLATVYVDVLK,DLEDETLWVEER,DLGEENFK,DLLFKDSAHGFLK,DLLFRDDTVC(UniMod_4)LAK,DLLLPQPDLR,DMPASEDLQDLQK,DNC(UniMod_4)C(UniMod_4)ILDER,DNWVFC(UniMod_4)GGK,DPTFIPAPIQAK,DQC(UniMod_4)QVDSQC(UniMod_4)PGQMK,DQGNQEQDPNISNGEEEEEKEPGEVGTHNDNQER,DQPFTILYR,DQTVSDNELQEM(UniMod_35)SNQGSK,DQTVSDNELQEMSNQGSK,DRLDEVKEQVAEVR,DSGEGDFLAEGGGVR,DSGFQM(UniMod_35)NQLR,DSGFQMNQLR,DSGRDYVSQFEGSALGK,DSGVPDRFSGSGSGTDFTLK,DTDTGALLFIGK,DTINLLDQR,DTSC(UniMod_4)VNPPTVQNAYIVSR,DTVIKPLLVEPEGLEK,DVC(UniMod_4)KNYAEAK,DVLLEAC(UniMod_4)C(UniMod_4)ADGHR,DVQLVESGGGLVKPGGSLR,DVRDYFMPC(UniMod_4)PGR,DWHGVPGQVDAAMAGR,DYFMPC(UniMod_4)PGR,DYVSQFEGSALGK,EAEEETTNDNGVLVLEPARK,EAEEHQETQC(UniMod_4)LR,EALQGVGDMGR,EC(UniMod_4)EEIIR,EDC(UniMod_4)NELPPRR,EDSLEAGLPLQVR,EFQLFSSPHGK,EFTRPEEIIFLR,EGDMLTLFDGDGPSAR,EGQEC(UniMod_4)GVYTPNC(UniMod_4)APGLQC(UniMod_4)HPPKDDEAPLR,EGTC(UniMod_4)PEAPTDEC(UniMod_4)KPVK,EGVQKEDIPPADLSDQVPDTESETR,EGYYGYTGAFR,EHVAHLLFLR,EIGELYLPK,EILSVDC(UniMod_4)STNNPSQAK,EIQNAVNGVK,EIVLTQSPATLSLSPGER,EIVMTQSPATLSVSPGER,EKLQDEDLGFL,ELDESLQVAER,ELDLNSVLLK,ELLESYIDGR,ELQQAVLHMEQR,ELSSFIDKGQELC(UniMod_4)ADYSENTFTEYK,ELSSFIDKGQELC(UniMod_4)ADYSENTFTEYKK,EPGLC(UniMod_4)TWQSLR,EPQVYTLPPSRDELTK,EPTMYGEILSPNYPQAYPSEVEK,EQLSLLDRFTEDAKR,EQLTPLIK,EQPPSLTR,EQWPQC(UniMod_4)PTIK,ESAYLYAR,ESLQQMAEVTR,ESLSSYWESAK,ETLLQDFR,ETYGEMADC(UniMod_4)C(UniMod_4)AK,EVGPTNADPVC(UniMod_4)LAK,EVNVSPC(UniMod_4)PTQPC(UniMod_4)QLSK,EVPLNTIIFMGR,EVQPVELPNC(UniMod_4)NLVK,EVVEEAENGR,EVVSLTEAC(UniMod_4)C(UniMod_4)AEGADPDC(UniMod_4)YDTR,EWVAIESDSVQPVPR,EYC(UniMod_4)GVPGDGDEELLR,FAALDNEEEDK,FAEQDAK,FDEFFSEGC(UniMod_4)APGSK,FDEFFSEGC(UniMod_4)APGSKK,FDGILGMAYPR,FEHC(UniMod_4)NFNDVTTR,FFLC(UniMod_4)QVAGDAK,FIYGGC(UniMod_4)GGNR,FKDLGEENFK,FLATTPNSLLVSWQPPR,FLC(UniMod_4)TGGVSPYADPNTC(UniMod_4)R,FLENEDR,FLENEDRR,FLNVLSPR,FLPSYQAVEYMR,FLVNLVK,FM(UniMod_35)ETVAEK,FMETVAEK,FMQAVTGWK,FNALQYLR,FNKNNEGTYYSPNYNPQSR,FNKPFVFLM(UniMod_35)IEQNTK,FQNALLVR,FQPTLLTLPR,FQSVFTVTR,FSALEVDETYVPK,FSC(UniMod_4)FQEEAPQPHYQLR,FSC(UniMod_4)MC(UniMod_4)PQGYQVVR,FSEEAC(UniMod_4)AVLTSPTFEAC(UniMod_4)HR,FSGSLLGGK,FSGSNSGNTATLTISR,FSGTWYAMAK,FSPATHPSEGLEENYC(UniMod_4)RNPDNDPQGPWC(UniMod_4)YTTDPEKR,FSVVYAK,FTDSENVC(UniMod_4)QER,FTEC(UniMod_4)C(UniMod_4)QAADK,FTFEYSR,FTILDSQGK,FTNIGPDTMR,FTQVTPTSLSAQWTPPNVQLTGYR,FVEGLPINDFSR,FVVTDGGITR,FYNQVSTPLLR,FYVHNDIFR,GAAPPKQEFLDIEDP,GALQNIIPASTGAAK,GAQTLYVPNC(UniMod_4)DHR,GAQTQTEEEMTR,GATLALTQVTPQDER,GATTSPGVYELSSR,GAYPLSIEPIGVR,GC(UniMod_4)PTEEGC(UniMod_4)GER,GC(UniMod_4)SFLPDPYQK,GDFSSANNRDNTYNR,GDKVWVYPPEKK,GEAAGAVQELAR,GEAGAPGEEDIQGPTK,GEC(UniMod_4)WC(UniMod_4)VNPNTGK,GEVQAMLGQSTEELR,GEVQAMLGQSTEELRVR,GGETSEMYLIQPDSSVKPYR,GGSTSYGTGSETESPR,GGTLGTPQTGSENDALYEYLR,GINVALANGK,GIVEEC(UniMod_4)C(UniMod_4)FR,GIYGTISR,GKRPYQEGTPC(UniMod_4)SQC(UniMod_4)PSGYHC(UniMod_4)K,GLEFLSVPSTYYK,GLETSLAEC(UniMod_4)TFTK,GLGEISAASEFK,GLPAPIEK,GLSAEPGWQAK,GLVSWGNIPC(UniMod_4)GSK,GLYDVVSVLR,GMADQDGLKPTIDKPSEDSPPLEMLGPR,GMDSC(UniMod_4)KGDSGGAFAVQDPNDKTK,GMFNIQHC(UniMod_4)K,GNPEPTFSWTK,GNQWVGYDDQESVK,GNSYFMVEVK,GPSVFPLAPSSK,GQEDASPDRFSNTDYAVGYMLR,GQSISVTSIRPC(UniMod_4)AAETQ,GRPGPQPWC(UniMod_4)ATTPNFDQDQR,GRTC(UniMod_4)PKPDDLPFSTVVPLK,GSESGIFTNTK,GSFAC(UniMod_4)QC(UniMod_4)PPGYQK,GSGGLNLGNFFASR,GSLVAPDR,GSPAINVAVHVFR,GSPAINVAVHVFRK,GSPSGEVSHPR,GSQTQSHPDLGTEGC(UniMod_4)WDQLSAPR,GVALADFNR,GVASLFAGR,GWVTDGFSSLK,GYC(UniMod_4)APGMEC(UniMod_4)VK,GYHLNEEGTR,GYPGVQAPEDLEWER,GYQLSDVDGVTC(UniMod_4)EDIDEC(UniMod_4)ALPTGGHIC(UniMod_4)SYR,GYTQQLAFR,HGGLYHENMR,HGNVAEGETKPDPDVTER,HGPGLIYR,HGSPVDIC(UniMod_4)TAKPR,HGTC(UniMod_4)AAQVDALNSQKK,HKVYAC(UniMod_4)EVTHQGLSSPVTK,HLDSVLQQLQTEVYR,HLSLLTTLSNR,HNC(UniMod_4)MENSIC(UniMod_4)R,HPDEAAFFDTASTGK,HPNSPLDEENLTQENQDR,HPNVFGFC(UniMod_4)R,HQFLLTGDTQGR,HQPQEFPTYVEPTNDEIC(UniMod_4)EAFR,HQPQEFPTYVEPTNDEIC(UniMod_4)EAFRK,HQPQEFPTYVEPTNDEIC(UniMod_4)EAFRKDPK,HQTVPQNTGGKNPDPWAK,HRLEDMEQALSPSVFK,HSIFTPETNPR,HSTIFENLANK,HTFM(UniMod_35)GVVSLGSPSGEVSHPR,HTFMGVVSLGSPSGEVSHPR,HTSVQTTSSGSGPFTDVR,HVEPGEPLAPSPQEPQAVGR,HVLFGTVGVPEHTYR,HYDGSYSTFGER,HYEGSTVPEK,HYTNPSQDVTVPC(UniMod_4)PVPPPPPC(UniMod_4)C(UniMod_4)HPR,IALVITDGR,IAPQLSTEELVSLGEK,IASFSQNC(UniMod_4)DIYPGKDFVQPPTK,IC(UniMod_4)ANVFC(UniMod_4)GAGR,IC(UniMod_4)LEDNVLM(UniMod_35)SGVK,IC(UniMod_4)LEDNVLMSGVK,IC(UniMod_4)VGC(UniMod_4)PR,IDQNVEELKGR,IDQTVEELRR,IEC(UniMod_4)VSAETTEDC(UniMod_4)IAK,IEEELGDEAR,IEIPSSVQQVPTIIK,IEKVEHSDLSFSK,IFFYDSENPPASEVLR,IFSFDGKDVLR,IGADFLAR,IGDQWDKQHDMGHMMR,IGDTWSK,IHWESASLLR,IIGYTPDLDPETVDDAFAR,IIGYVISNQQITPGPAYSNR,IKPVFIEDANFGR,ILAGSADSEGVAAPR,ILEVVNQIQDEER,ILGPLSYSK,ILGQQVPYATK,ILLQGTPVAQMTEDAVDAER,ILTC(UniMod_4)M(UniMod_35)QGMEEIR,IMNGEADAMSLDGGFVYIAGK,INENTGSVSVTR,INHC(UniMod_4)RFDEFFSEGC(UniMod_4)APGSKK,IPIEDGSGEVVLSR,IPIEDGSGEVVLSRK,IPLNDLFR,IPTTFENGR,IPVIEPSVPELVVKPGATVTLR,IQPSGGTNINEALLR,ISASAEELR,ISC(UniMod_4)TIANR,ISHELDSASSEVN,ISLPESLK,ISLPESLKR,ISYGNDALMPSLTETK,ITGYIIK,ITSWMEPIVK,ITTTSPWMFPSR,ITYGETGGNSPVQEFTVPGSK,IVQIYKDLLR,IVSSAM(UniMod_35)EPDREYHFGQAVR,IVSSAMEPDREYHFGQAVR,IWDVVEK,IYISGMAPR,IYISGMAPRPSLAK,IYLYTLNDNAR,KAADDTWEPFASGK,KAEEEHLGILGPQLHADVGDKVK,KASYLDC(UniMod_4)IR,KATEDEGSEQKIPEATNR,KC(UniMod_4)C(UniMod_4)VEC(UniMod_4)PPC(UniMod_4)PAPPVAGPSVFLFPPKPK,KC(UniMod_4)STSSLLEAC(UniMod_4)TFR,KC(UniMod_4)SYTEDAQC(UniMod_4)IDGTIEVPK,KDSGFQM(UniMod_35)NQLR,KDSGFQMNQLR,KEC(UniMod_4)C(UniMod_4)EKPLLEK,KFPSGTFEQVSQLVK,KGGETSEMYLIQPDSSVKPYR,KIYPTVNC(UniMod_4)QPLGMISLMK,KLC(UniMod_4)MAALK,KLGQSLDC(UniMod_4)NAEVYVVPWEK,KLINDYVK,KLSENTDFLAPGVSSFTDSNQQESITK,KLSSWVLLM(UniMod_35)K,KLSSWVLLMK,KLVGYLDR,KLVPFATELHER,KLYDYC(UniMod_4)DVPQC(UniMod_4)AAPSFDC(UniMod_4)GKPQVEPK,KMTVTDQVNC(UniMod_4)PK,KNM(UniMod_35)FEFLK,KPAEDEWGK,KPALEDLR,KPQSAVYSTGSNGILLC(UniMod_4)EAEGEPQPTIK,KPVDEYKDC(UniMod_4)HLAQVPSHTVVAR,KPVEEYANC(UniMod_4)HLAR,KQELSEAEQATR,KQINDYVEK,KQINDYVEKGTQGK,KQTALVELVK,KREEAPSLRPAPPPISGGGYR,KSASDLTWDNLK,KSPELQAEAK,KSQPMGLWR,KTLLSNLEEAK,KTLLSNLEEAKK,KTSLEDFYLDEER,KVEQAVETEPEPELR,KVESELIKPINPR,KVLLDGVQNPR,KVPQVSTPTLVEVSR,KVTYTSQEDLVEKK,KYFIDFVAR,KYLYEIAR,LAAAVSNFGYDLYR,LAAC(UniMod_4)GPPPVAPPAAVAAVAGGAR,LAARLEALKENGGAR,LAC(UniMod_4)C(UniMod_4)VVGVC(UniMod_4)GPGLWER,LADGGATNQGRVEIFYR,LALLVDTVGPR,LAPLAEDVR,LATVGELQAAWR,LAVTTHGLPC(UniMod_4)LAWASAQAK,LAVYQAGAR,LC(UniMod_4)DNLSTK,LC(UniMod_4)MAALK,LC(UniMod_4)MGSGLNLC(UniMod_4)EPNNK,LC(UniMod_4)MGSGLNLC(UniMod_4)EPNNKEGYYGYTGAFR,LC(UniMod_4)QDLGPGAFR,LC(UniMod_4)TVATLR,LDELRDEGK,LDEVKEQVAEVR,LDIDSPPITAR,LEAGDHPVELLAR,LEDMEQALSPSVFK,LEEQAQQIR,LEGEAC(UniMod_4)GVYTPR,LEGQEEEEDNRDSSMK,LEPGQQEEYYR,LEPYADQLR,LETPDFQLFK,LFAC(UniMod_4)SNK,LFDSDPITVTVPVEVSR,LFGGNFAHQASVAR,LGADM(UniMod_35)EDVC(UniMod_4)GR,LGADMEDVC(UniMod_4)GR,LGC(UniMod_4)SLNQNSVPDIHGVEAPAR,LGEVNTYAGDLQK,LGMDGYR,LGMFNIQHC(UniMod_4)K,LGNQEPGGQTALK,LGPGMADIC(UniMod_4)K,LGPLVEQGR,LGPLVEQGRVR,LGQSLDC(UniMod_4)NAEVYVVPWEK,LGVRPSQGGEAPR,LHDRNTYEKYLGEEYVK,LHLDYIGPC(UniMod_4)K,LIADLGSTSITNLGFR,LINDYVK,LIVHNGYC(UniMod_4)DGR,LKC(UniMod_4)DEWSVNSVGK,LKC(UniMod_4)DEWSVNSVGKIEC(UniMod_4)VSAETTEDC(UniMod_4)IAK,LKDDEVAQLKK,LKEDAVSAAFK,LLAGDHPIDLLLR,LLC(UniMod_4)GLLAER,LLC(UniMod_4)QC(UniMod_4)LGFGSGHFR,LLDNWDSVTSTFSK,LLDSLPSDTR,LLEELVR,LLELTGPK,LLEVPEGR,LLIYDASK,LLIYDASNR,LLIYGATSR,LLPAQLPAEKEVGPPLPQEAVPLQK,LLRDPADASEAHESSSR,LMVELHNLYR,LNMHMNVQNGKWDSDPSGTK,LPPTSAHGNVAEGETKPDPDVTER,LPYTASSGLMAPR,LQAEAFQAR,LQDLYSIVR,LQPLDFKENAEQSR,LQSIGTENTEENRR,LQSLFDSPDFSK,LRENELTYYC(UniMod_4)C(UniMod_4)K,LRENELTYYC(UniMod_4)C(UniMod_4)KK,LRTEGDGVYTLNNEK,LRTEGDGVYTLNNEKQWINK,LSELIQPLPLER,LSINTHPSQKPLSITVR,LSITGTYDLK,LSKELQAAQAR,LSNENHGIAQR,LSPEDYTLK,LSPIYNLVPVK,LSPLGEEMR,LSSGLVTAALYGR,LSSWVLLM(UniMod_35)K,LSSWVLLMK,LSYEGEVTK,LSYTC(UniMod_4)EGGFR,LTASAPGYLAITK,LTPLYELVK,LVAYYTLIGASGQR,LVDGKGVPIPNKVIFIR,LVDKFLEDVKK,LVFFAEDVGSNK,LVGGPM(UniMod_35)DASVEEEGVRR,LVGGPMDASVEEEGVR,LVGGPMDASVEEEGVRR,LVGYLDR,LVMGIPTFGR,LVNEVTEFAK,LVPPMEEDYPQFGSPK,LVWEEAMSR,LVYPSC(UniMod_4)EEK,LYEQLSGK,LYGSEAFATDFQDSAAAK,LYGSEAFATDFQDSAAAKK,LYHSEAFTVNFGDTEEAKK,LYQQHGAGLFDVTR,M(UniMod_35)ADEAGSEADHEGTHSTKR,M(UniMod_35)ASGAANVVGPK,M(UniMod_35)C(UniMod_4)PQLQQYEMHGPEGLR,M(UniMod_35)ELERPGGNEITR,M(UniMod_35)LTPEHVFIHPGWK,M(UniMod_35)TVTDQVNC(UniMod_4)PK,M(UniMod_35)VQEQC(UniMod_4)C(UniMod_4)HSQLEELHC(UniMod_4)ATGISLANEQDR,M(UniMod_35)YLGYEYVTAIR,MADEAGSEADHEGTHSTKR,MASGAANVVGPK,MATLYSR,MC(UniMod_4)PQLQQYEMHGPEGLR,MC(UniMod_4)VDVNEC(UniMod_4)QR,MDASLGNLFAR,MDYPKQTQVSVLPEGGETPLFK,MELERPGGNEITR,MFTTAPDQVDKEDEDFQESNK,MGNFPWQVFTNIHGR,MKYWGVASFLQK,MMAVAADTLQR,MNFRPGVLSSR,MPC(UniMod_4)AELVREPGC(UniMod_4)GC(UniMod_4)C(UniMod_4)SVC(UniMod_4)AR,MPYEC(UniMod_4)GPSLDVC(UniMod_4)AQDER,MTVTDQVNC(UniMod_4)PK,MVQEQC(UniMod_4)C(UniMod_4)HSQLEELHC(UniMod_4)ATGISLANEQDR,MYLGYEYVTAIR,MYYSAVDPTKDIFTGLIGPM(UniMod_35)K,NANTFISPQQR,NEQEQPLGQWHLS,NFGYTLR,NFPPSQDASGDLYTTSSQLTLPATQC(UniMod_4)LAGK,NFPPSQDASGDLYTTSSQLTLPATQC(UniMod_4)PDGK,NFPSPVDAAFR,NGFYPATR,NIGEFC(UniMod_4)GK,NIINSDGGPYVC(UniMod_4)R,NILDRQDPPSVVVTSHQAPGEK,NILTSNNIDVK,NILTSNNIDVKK,NKFDPSLTQR,NKPLFFADK,NLAVSQVVHK,NLHGDGIALWYTR,NLNEKDYELLC(UniMod_4)LDGTR,NLQPASEYTVSLVAIKGNQESPK,NLREGTC(UniMod_4)PEAPTDEC(UniMod_4)KPVK,NNEGTYYSPNYNPQSR,NPC(UniMod_4)QDPYILTPENR,NPDGDVGGPWC(UniMod_4)YTTNPR,NPDPWAK,NPDSSTTGPWC(UniMod_4)YTTDPTVR,NQEQVSPLTLLK,NRDHDTFLAVR,NSKFEDC(UniMod_4)C(UniMod_4)QEK,NSLESYAFNMK,NSLFEYQK,NSPLDEENLTQENQDR,NSVIKVPMMNSK,NSWGEEWGMGGYVK,NTEILTGSWSDQTYPEGTQAIYK,NTFAEVTGLSPGVTYYFK,NTGIIC(UniMod_4)TIGPASR,NVDGVNYASITR,NVVYTC(UniMod_4)NEGYSLIGNPVAR,NWGLGGHAFC(UniMod_4)R,PALEDLR,PIVTSPYQIHFTK,PNHAVVTR,PPTSAHGNVAEGETKPDPDVTER,PTLVEVSR,QALNTDYLDSDYQR,QALPQVR,QAPGQGLEWMGR,QC(UniMod_4)VPTEPC(UniMod_4)EDAEDDC(UniMod_4)GNDFQC(UniMod_4)STGR,QDGSVDFGR,QELSEAEQATR,QEPERNEC(UniMod_4)FLQHKDDNPNLPR,QFTSSTSYNR,QGIPFFGQVR,QGVNDNEEGFFSAR,QHM(UniMod_35)DSDSSPSSSSTYC(UniMod_4)NQMMR,QHMDSDSSPSSSSTYC(UniMod_4)NQMMR,QHVVYGPWNLPQSSYSHLTR,QIGSVYR,QINDYVEK,QINDYVEKGTQGK,QKPDGVFQEDAPVIHQEMIGGLR,QKVEPLRAELQEGAR,QKWEAEPVYVQR,QLEWGLER,QLKEHAVEGDC(UniMod_4)DFQLLKLDGK,QLNEINYEDHK,QNC(UniMod_4)ELFEQLGEYK,QPSSAFAAFVK,QQETAAAETETR,QQLVETHMAR,QQTEWQSGQR,QQTHMLDVMQDHFSR,QRQEELC(UniMod_4)LAR,QSGLYFIKPLK,QSTNAYPDLR,QTALVELVK,QTHQPPAPNSLIR,QTQVSVLPEGGETPLFK,QTVSWAVTPK,QVVAGLNFR,QWAGLVEK,QYNVGPSVSKYPLR,QYTDSTFRVPVER,RELDESLQVAER,RGEQC(UniMod_4)VDIDEC(UniMod_4)TIPPYC(UniMod_4)HQR,RGYQLSDVDGVTC(UniMod_4)EDIDEC(UniMod_4)ALPTGGHIC(UniMod_4)SYR,RIPIEDGSGEVVLSRK,RLEAGDHPVELLAR,RLEGQEEEEDNRDSSMK,RLGMFNIQHC(UniMod_4)K,RLPIGSYF,RLYGSEAFATDFQDSAAAK,RNTEILTGSWSDQTYPEGTQAIYK,RPC(UniMod_4)FSALEVDETYVPK,RPDSLQHVLLPVLDR,RPGGEPSPEGTTGQSYNQYSQR,RQEC(UniMod_4)SIPVC(UniMod_4)GQDQVTVAMTPR,RTHLPEVFLSK,RTPITVVK,RVDTVDPPYPR,RVWELSK,RYIETDPANRDR,SASDLTWDNLK,SASDLTWDNLKGK,SASLHLPK,SC(UniMod_4)C(UniMod_4)EEQNKVNC(UniMod_4)LQTR,SC(UniMod_4)DIPVFMNAR,SC(UniMod_4)DKTHTC(UniMod_4)PPC(UniMod_4)PAPELLGGPSVFLFPPKPK,SC(UniMod_4)DNPYIPNGDYSPLR,SC(UniMod_4)DTPPPC(UniMod_4)PR,SC(UniMod_4)ESNSPFPVHPGTAEC(UniMod_4)C(UniMod_4)TK,SC(UniMod_4)SPELQQK,SC(UniMod_4)VGETTESTQC(UniMod_4)EDEELEHLR,SDDKVTLEER,SDVMYTDWK,SDVMYTDWKK,SDVVYTDWK,SDVVYTDWKK,SEALAVDGAGKPGAEEAQDPEGK,SEGLLAC(UniMod_4)GTNAR,SEGSSVNLSPPLEQC(UniMod_4)VPDRGQQYQGR,SELEEQLTPVAEETR,SETKDLLFRDDTVC(UniMod_4)LAK,SEYPSIK,SFNRGEC(UniMod_4),SFPTYC(UniMod_4)QQK,SFQTGLFTAAR,SGEATDGARPQALPEPMQESK,SGELEQEEER,SGIEC(UniMod_4)QLWR,SGINC(UniMod_4)PIQK,SGIPIVTSPYQIHFTK,SGLSTGWTQLSK,SGNIPAGTTVDTK,SGSAHEYSSSPDDAIFQSLAR,SGSDEVQVGQQR,SIAQYWLGC(UniMod_4)PAPGHL,SIDVAC(UniMod_4)HPGYALPK,SILENLR,SIVVSPILIPENQR,SKEFQLFSSPHGK,SKVPPPRDFHINLFR,SLAAAAGKQELAK,SLAELGGHLDQQVEEFRR,SLAPYAQDTQEK,SLDFTELDVAAEK,SLEDLQLTHNKITK,SLEDQVEMLR,SLGEC(UniMod_4)C(UniMod_4)DVEDSTTC(UniMod_4)FNAK,SLGNVIMVC(UniMod_4)R,SLGSPSGEVSHPR,SLHTLFGDK,SLNNQIETLLTPEGSR,SLPSEASEQYLTK,SMEQNGPGLEYR,SNAQGIDLNR,SNLDEDIIAEENIVSR,SNSSM(UniMod_35)HITDC(UniMod_4)R,SNSSMHITDC(UniMod_4)R,SNVSDAVAQSTR,SPAINVAVHVFR,SPELQAEAK,SPFEQHIK,SPMYSIITPNILR,SPQGLGAFTPVVR,SPVDIC(UniMod_4)TAKPR,SPVGVQPILNEHTFC(UniMod_4)AGMSK,SRGPGAPC(UniMod_4)QDVDEC(UniMod_4)AR,SRYPVC(UniMod_4)GSDGTTYPSGC(UniMod_4)QLR,SSALDMENFR,SSFVAPLEK,SSGLVSNAPGVQIR,SSGQWQTPGATR,SSNLIILEEHLK,SSNTYTLTDVRR,SSPVVIDASTAIDAPSNLR,SSQGGSLPSEEK,STGGISVPGPMGPSGPR,STNLHDYGMLLPC(UniMod_4)GIDK,STSSFPC(UniMod_4)PAGHFNGFR,STTPDITGYR,SVIPSDGPSVAC(UniMod_4)VK,SVIPSDGPSVAC(UniMod_4)VKK,SVLGQLGITK,SVPMVPPGIK,SVPPSASHVAPTETFTYEWTVPK,SWFEPLVEDM(UniMod_35)QR,SYELTQPPSVSVSPGQTAR,SYLSMVGSC(UniMod_4)C(UniMod_4)TSASPTVC(UniMod_4)FLKER,SYTITGLQPGTDYK,TAKDALSSVQESQVAQQAR,TALASGGVLDASGDYR,TASDFITK,TATSEYQTFFNPR,TC(UniMod_4)VADESAENC(UniMod_4)DK,TC(UniMod_4)VADESAENC(UniMod_4)DKSLHTLFGDK,TDASDVKPC(UniMod_4),TEGDGVYTLNNEK,TEHLSTLSEK,TEIDKPSQMQVTDVQDNSISVK,TELLPGDRDNLAIQTR,TFHEASEDC(UniMod_4)ISR,TFISPIK,TFTC(UniMod_4)TAAYPESK,TFTLLDPK,TFYEPGEEITYSC(UniMod_4)KPGYVSR,TFYSC(UniMod_4)TTEGR,TGAQELLR,TGDEITYQC(UniMod_4)R,TGTTGQSGAESGTTEPSAR,TGYYFDGISR,THLAPYSDELR,THLAPYSDELRQR,THLGEALAPLSK,THLPEVFLSK,THPHFVIPYR,TINPAVDHC(UniMod_4)C(UniMod_4)K,TKEEYGHSEVVEYYC(UniMod_4)NPR,TKKQELSEAEQATR,TLEAQLTPR,TLKIENVSYQDKGNYR,TLLSNLEEAK,TLLSNLEEAKK,TLVVHEKADDLGKGGNEESTK,TLYSSSPR,TM(UniMod_35)LLQPAGSLGSYSYR,TM(UniMod_35)QENSTPRED,TMLLQPAGSLGSYSYR,TMQALPYSTVGNSNNYLHLSVLR,TMQENSTPRED,TMSEVGGSVEDLIAK,TNFDNDIALVR,TNTNVNC(UniMod_4)PIEC(UniMod_4)FMPLDVQADREDSRE,TPC(UniMod_4)QQELDQVLER,TPC(UniMod_4)TVSC(UniMod_4)NIPVVSGKEC(UniMod_4)EEIIR,TPENYPNAGLTMNYC(UniMod_4)R,TPEVTC(UniMod_4)VVVDVSHEDPEVK,TPLGDTTHTC(UniMod_4)PR,TPLPPTSAHGNVAEGETKPDPDVTER,TPLTATLSK,TPSAAYLWVGTGASEAEK,TPSGLYLGTC(UniMod_4)ER,TPVSDRVTK,TQSSLVPALTDFVR,TQVNTQAEQLR,TQVNTQAEQLRR,TSAHGNVAEGETKPDPDVTER,TSESGELHGLTTEEEFVEGIYK,TSLEDFYLDEER,TSPVDEKALQDQLVLVAAK,TSTDLQVLAAR,TTPEPC(UniMod_4)ELDDEDFR,TTPPVLDSDGSFFLYSK,TTPPVLDSDGSFFLYSR,TVAAC(UniMod_4)NLPIVR,TVAAPSVFIFPPSDEQLK,TVFGTEPDMIR,TVQAVLTVPK,TVVQPSVGAAAGPVVPPC(UniMod_4)PGR,TYETTLEK,TYLGNALVC(UniMod_4)TC(UniMod_4)YGGSR,VAAGAFQGLR,VAHQLQALR,VAPDEHPILLTEAPLNPK,VASYGVKPR,VAVVQYSGTGQQRPER,VC(UniMod_4)PFAGILENGAVR,VC(UniMod_4)SQYAAYGEK,VDGALC(UniMod_4)MEK,VDNALQSGNSQESVTEQDSK,VDNALQSGNSQESVTEQDSKDSTYSLSSTLTLSK,VDSGNDVTDIADDGC(UniMod_4)PKPPEIAHGYVEHSVR,VEHSDLSFSK,VEKPTADAEAYVFTPNMIC(UniMod_4)AGGEK,VEPLRAELQEGAR,VEPYGENFNK,VFAVSHGR,VFNTPEGVPSAPSSLK,VFQEPLFYEAPR,VFSNGADLSGVTEEAPLK,VFSNGADLSGVTEEAPLKLSK,VGFYESDVMGR,VGGVQSLGGTGALR,VGYVSGWGR,VHKEDDGVPVIC(UniMod_4)QVEHPAVTGNLQTQR,VHTEC(UniMod_4)C(UniMod_4)HGDLLEC(UniMod_4)ADDR,VHTEC(UniMod_4)C(UniMod_4)HGDLLEC(UniMod_4)ADDRADLAK,VHVSEEGTEPEAMLQVLGPKPALPAGTEDTAKEDAANR,VHVSEEGTEPEAMLQVLGPKPALPAGTEDTAKEDAANRK,VIAVNEVGR,VKDISEVVTPR,VKDLATVYVDVLK,VKSPELQAEAK,VLDLSC(UniMod_4)NR,VLEPTLK,VLLDGVQNPR,VLLDQLR,VLNQELR,VLSIAQAHSPAFSC(UniMod_4)EQVR,VLTPTQVK,VMDKYTFELSR,VMPIC(UniMod_4)LPSKDYAEVGR,VMTPAVYAPYDVK,VNGSPVDNHPFAGDVVFPR,VNHVTLSQPK,VPEARPNSMVVEHPEFLK,VPEEDLKR,VPFDAATLHTSTAMAAQHGMDDDGTGQK,VPMMSDPK,VPQVSTPTLVEVSR,VPVAVQGEDTVQSLTQGDGVAK,VQAAVGTSAAPVPSDNH,VQPYLDDFQK,VQPYLDDFQKK,VRGGEGTGYFVDFSVR,VRQGQGQSEPGEYEQR,VSEADIQR,VSEADSSNADWVTK,VSPTDC(UniMod_4)SAVEPEAEK,VSTLPAITLK,VTAAPQSVC(UniMod_4)ALR,VTEIWQEVMQR,VTEPISAESGEQVER,VTGVVLFR,VTIKPAPETEKRPQDAK,VTIPTDLIASSGDIIK,VTLTC(UniMod_4)VAPLSGVDFQLR,VTSIQDWVQK,VTTVASHTSDSDVPSGVTEVVVK,VVEESELAR,VVEQMC(UniMod_4)ITQYER,VVVNFAPTIQEIK,VYAC(UniMod_4)EVTHQGLSSPVTK,VYC(UniMod_4)DMNTENGGWTVIQNR,VYTVDLGR,WC(UniMod_4)AVSEHEATK,WEAEPVYVQR,WELALGR,WGYC(UniMod_4)LEPK,WKNFPSPVDAAFR,WLPSSSPVTGYR,WQEEMELYR,WSGQTAIC(UniMod_4)DNGAGYC(UniMod_4)SNPGIPIGTR,WSRPQAPITGYR,WSSTSPHRPR,WYEIEKIPTTFENGR,WYFDVTEGK,YAMVYGYNAAYNR,YANC(UniMod_4)HLAR,YFIDFVAR,YGFIEGHVVIPR,YGLDSDLSC(UniMod_4)K,YGLVTYATYPK,YGQTIRPIC(UniMod_4)LPC(UniMod_4)TEGTTR,YHDRDVWKPEPC(UniMod_4)R,YIETDPANR,YIFHNFMER,YIVSGTPTFVPYLIK,YKAAFTEC(UniMod_4)C(UniMod_4)QAADK,YLFLNGNK,YLGEEYVK,YLQEIYNSNNQK,YLYEIAR,YNSQNQSNNQFVLYR,YPGPQAEGDSEGLSQGLVDREK,YPNC(UniMod_4)AYR,YPSLSIHGIEGAFDEPGTK,YQC(UniMod_4)YC(UniMod_4)YGR,YSLTYIYTGLSK,YTTEIIK,YVGGQEHFAHLLILR,YVM(UniMod_35)LPVADQDQC(UniMod_4)IR,YVMLPVADQDQC(UniMod_4)IR,YVNKEIQNAVNGVK,YWGVASFLQK,YYC(UniMod_4)FQGNQFLR,YYTYLIMNK,YYWGGQYTWDMAK
39144_84,84,39144,3.0,0.0,19.0,0.0,0,0,-0.4535776133427701,-0.338387045052309,-1.020847387996077,-1.0573885949019215,-1.13713555791571,-1.3732077856114175,-0.7922414911249546,0.0862732085759759,-0.583874532303904,0.0252373729408312,-0.3079575314540291,-0.8885032233887352,-1.1336419393996846,0.0942259046718435,0.5295478188854927,0.5794226274300222,-2.046613757261264,-0.0721139753100689,-1.956981121985448,0.5468617774121253,-1.2125676478688272,-0.0130858950544241,1.1488909843209263,0.0683417146413369,0.4764700095711942,-0.4719311424088397,-0.3101891905288822,0.0737551689893701,-0.3853096544947689,-0.6187869390478249,-0.7812782469797288,0.7979351074645818,-0.9762706134046292,3.00632825015017e-16,4.1830875010221253e-16,0.551719580990324,0.0127340587888693,0.4505367739198203,-1.896111233067683e-16,0.2976884547591207,-0.0131601510699814,-0.4908825515780797,0.3316737330476885,-0.0239483830645092,3.4899999426653365e-17,-0.4625999091434329,-0.5249764043649708,-0.8535902848479447,-0.0812305979522634,-0.344455915349585,1.7404828446980347,0.9075685973727872,-1.0980789203818486,-0.3777343766197741,0.0770293024198409,0.2663628507760636,-0.2273773904046637,0.485267285038578,0.7709062826885562,0.8142648287223112,-0.764910233621216,0.5691444557591947,0.6072079222829316,-0.1002811393921985,-0.6791336706848304,-0.6540610967357118,-0.1880149323068853,0.002571573458722,0.0468134903977701,0.5030523454655695,-3.016565311512949e-16,0.1033799149816104,-0.0624802556010502,-0.2077906839347801,-0.0767315300681202,0.9343829138398932,0.5293279772296987,-0.2301421977605449,-0.1687636665634027,0.340429239986777,-0.5275613513211296,-1.443861760292294,0.591668821556982,0.0358853813044594,-0.7728998893110046,-0.6190853490595779,0.4731935759353802,0.074073827005575,-0.9493900990327622,-0.5411707467746685,-0.4916358166583065,0.0,-0.4511199576783779,1.932787567608697,-0.2876897639011622,-0.8731995753458714,0.3002675429717546,-0.3541738812960842,0.4796245048175267,-0.7325730189389238,-0.927892872013808,-0.6798182371318788,-0.9844890816600044,0.3373950985924968,0.6714978669855434,0.2803633498982055,-1.117982865678392,-0.3361751385964283,-1.0714847728950068,-0.5913853981091229,-0.1791001673024447,-8.6489284315368e-17,-0.682110229056453,6.653021870412923e-18,-1.2726162521584008,-0.2078778719130944,-0.0317539298524368,-0.8323683237013262,-0.6272965083887065,-1.0991866199071925,0.8800458659434899,-1.114419282083798,-0.6503275046717554,-0.5651556016616083,-0.8806219385637192,-0.4734908378672068,0.0793274611605052,-3.3265109352064617e-17,-0.6327149689674504,-0.7689455638722963,0.244682238211053,-0.3203617730378359,-0.7146594426501816,-0.2925113606403877,-0.809401967193803,-0.6587441313199754,-0.3231081997465174,-1.239457049076119,-0.2727984090579259,3.323103366576916e-16,-0.0478460170194018,0.5970986804940731,-0.164061488063626,-0.1550062502220572,-0.1965630425664551,-1.3306043740825846e-17,-0.4797888354986348,0.2985981024493821,0.052562806120434,-1.889206443391664e-16,-0.4553988636621841,-0.8238676611941023,-0.1636026806818883,-0.5762961776398107,-0.2816142570817324,-0.5153764041466147,-0.2837449941972551,-0.5226948734359836,-0.5263698904207745,-0.33048446666997,-0.3138030719845935,-0.2425929290639551,0.0623592982455774,-0.5035460463476179,-0.2158282318152148,-1.343991283636255,-1.1033152797136083,0.1405350796661879,-1.0579019391565418,-0.8079957931436541,-0.0491039130681049,0.1543882899529975,-0.4151652290792778,0.0393178635734992,-1.1198185502830975,-0.9217089018750708,-0.3181857681140705,-0.1677023094395707,-0.4848052882945374,-0.1676190233831923,-0.3054438192746867,0.6320293562890269,-0.705379288584922,-0.167245334425502,0.3159929107531734,-0.4300151170542184,-0.743198035240966,-0.6502839792915541,-0.999780178242054,0.7386435034247141,-1.0572173298189318,-0.6872346136839473,0.0608240610644738,1.915209986713288e-16,1.1531722387228869,0.4642779394941382,0.2168865072782002,-0.3573063155627631,-0.9033208400968388,-0.7739443944184964,-0.3987330304924826,-0.6538285039986022,0.0139505119561787,-0.3490770521109821,-0.6581871121289463,-0.4662999872587082,-1.1310137179701972e-16,-0.581560742983529,1.3405045682063614,0.0765027085604137,-0.1200357969683738,-0.8779277494969013,0.1992275423510697,0.2113526215562833,3.5839363147761016e-16,0.3110128647156683,-0.1464243363901464,0.2266955688206496,-0.5690146495803717,-0.4264027989470104,-1.0301906342098677,-0.8085318130566685,-0.8970872454030724,-0.0311031456880897,0.1198607297011169,-0.7518803614747983,-0.2886977386921956,-0.6780756714893545,0.2668553453697115,-0.561902146468768,-0.167245334425502,0.26536909696336,-0.4360143335099875,-0.1112316009508561,1.0518701672022444,-0.7301931891668532,-0.0378491832574762,0.1254536626884781,-0.8281737651436353,-0.3259314917113335,0.8009193770695927,-0.6617042438781908,0.4209785805866369,-1.0082563452188285,-1.3574730760084497,-0.3548454874060495,-0.7961411571641148,-0.6492041994695279,-0.4409057031925851,0.1082258296604963,-0.5081228486794824,-0.6506082460037698,1.844815970610492,-0.3199276459929161,-0.8203489286480515,-0.5016535433403243,-0.7104572363169273,0.7432965768195925,0.0496798993379276,-0.1214659442495648,-0.2940060286468375,0.4873311227844406,-0.4390957406146633,-0.7916066320145302,-0.7511799671058313,-0.8806219385637192,0.1082798127387289,-0.2750661649961389,0.3456231030764626,-0.4238109935302228,-1.057388594901922,-0.5662113182788875,-0.5777633595334678,-0.8016883446731689,0.1187070671742297,3.7090596927552053e-16,0.0459318239483234,-0.5205711974529605,0.2317342118045293,-0.6548485171431326,-0.5225926306870519,-1.0731032409877648,-0.4155765027348598,-0.0941161979635786,-0.2080665733811104,0.2029962481926895,-0.5481740460173115,-0.397805463731294,-0.6188799265067496,4.806808301373337e-16,-0.2358486616133246,-0.6981226107495481,-0.6457236822523192,1.4303997021387788e-16,1.4463809270733476,1.1531722387228869,-0.4495592781039476,0.5137979058175648,0.8563958399088012,1.6774723864212528,1.1886448128099043,0.2087463089110807,-0.5402375840933711,0.1327954740122886,-0.2350586506073664,1.4995075497454031,0.2188897614837228,-0.6236914941223933,-0.4011713888801743,-1.3676059435864582e-16,-0.0074692838710755,-0.098792002139504,-1.0395522789637397,2.376086730426357e-16,-0.5946207482115301,-0.4754462589631726,0.4953424821540455,-0.3150824845218137,-0.7890648744874371,0.5356273264207276,-0.3662228456097647,0.8157617632576771,0.830312850963739,0.6620671135861484,9.15093005711636e-17,0.8384009425285919,-0.1449491736235618,-0.2993993739737969,0.6377142192231774,0.1017781775150317,0.8161726654123372,0.0179759709329843,0.0993503562048672,0.7977891149081807,0.4506726475655778,0.1986103432907828,-0.4230037901820818,0.3911804726938083,-0.2621015148379325,-0.3738300912554853,0.0876869079092928,1.5581296571027503,-0.6666696496601118,-0.1486160286316672,0.5735980652027992,0.5767999873160854,0.1985571486759667,0.568743727116716,1.5680375279622767,0.3084547628092326,0.2649191666509295,-0.2596646440990072,0.0121063537655922,0.2260260945875154,4.386806258090175e-17,-0.4318049210057869,-1.0233085609522212,-0.1874165771913559,-0.6246198675295374,-0.2308687607764652,-1.117177446770958,-0.4622090796285785,0.6807075249724287,0.0933256818769896,-0.3229137636065226,-0.6238111284194491,-0.5023098205400903,-0.2413122183860938,-0.0336878820257642,-0.5453616179500173,0.9056463674291702,-0.4050095852455201,0.2795214279317384,0.6748606335837589,-1.114419282083798,-0.4387127338402168,-0.2454193470761188,-0.4146280661434032,1.0966533208592342,-0.2158282318152148,-0.0681397636005661,-0.7089324156455425,-0.7790997006350701,-0.6502839792915541,-2.954602150870248e-16,-1.0068620362041465,-0.8877233999754783,-0.6811427565532251,-0.6331753452945521,0.7157732893248435,-0.6973212928601229,-0.2562613400294588,0.4809331041162527,0.0,-0.503620364504005,-0.6538285039986022,-0.5073939956988376,-0.3399206512637741,-0.2530447490500835,-1.2404366460537184,-1.896111233067683e-16,0.0357561299882296,-0.1728168292719497,-0.1021318241835207,0.3063978337901227,-0.9430766829886058,0.3110128647156683,-0.5762961776398107,0.0342353118807745,0.4187798258812075,-0.4286284179966163,-0.3606270488605019,-0.7550282475835222,0.2168865072782003,-0.1279902511673023,0.014844177130259,-0.2675035499513994,-0.1850338791276456,0.0629778433505274,0.4852134747094536,-0.1313540046754813,-0.4270738748142674,0.5963888016198415,0.5293279772296987,-0.2253735468899531,-1.0601454514772493,-0.7192730502259619,3.259452513732732e-16,-0.9217089018750708,0.5517291625717184,0.9266519550183868,-0.6187869390478249,4.989766402809693e-17,0.4429306001681624,0.8257395553658374,0.9687837767338474,7.151998510693893e-17,-0.9844890816600044,-0.6717452009508277,-0.565502541329962,0.9075685973727872,-0.4956662172591224,-0.2514676529852908,-0.0238702471441343,-1.1897056661507237,0.7076018871264621,1.0312183899140031e-16,1.932787567608697,0.7962378957629522,-0.7067717659520165,0.6228039907238972,0.0139505119561787,0.3159929107531734,-0.3499035567793182,0.0991322806039258,-0.4897914480999698,-0.9032267280022834,-1.099381546790653,-1.1256021784508703,0.5322077065933918,-1.1819829095915526,-0.2788546766920702,0.9719976437599128,1.8061740973134408,-1.239457049076119,-0.1965630425664551,-0.1452045291775071,-1.0969135451407572,-1.0593219854029283,-0.2244970939180183,-0.545050366841221,0.1301723823924393,-0.0082599505106941,-0.2166053135868342,0.2090953761510705,-0.3479788674282571,1.7621392112549548,-0.174843033869621,-0.560577893858168,-0.5275613513211296,-0.2301421977605449,0.0393178635734992,0.163724442292825,0.9512319993335332,-0.8969713397268384,-0.8247543420447616,0.9188211534212856,-0.2915756898388196,-0.4264027989470103,-0.7713984413542825,-0.4140429933153176,-0.5263698904207745,4.989766402809693e-18,0.7969512809544702,0.6320293562890269,-0.5680849695258549,-1.4438617602922943,0.4080600609788593,-0.2954817129087536,-0.7839389708066747,-0.7578140585365557,0.2377435119958357,-0.714838528062593,-0.8240061360517174,-0.067521029743717,-0.8401071027350476,-1.0480177656183045,-0.7654327120290044,-0.5662209230958207,-0.2653781205593067,-0.1314996788260113,-3.3265109352064617e-17,-0.0420535013105935,-7.983626244495506e-17,-0.5435690812524211,-0.9762706134046292,-0.3853096544947685,0.6486295944907811,-0.1636026806818883,0.1619818987996095,-1.4876548934784335,-0.4303184637321706,1.1110871776109864e-17,-0.484618296495457,-0.532139122110152,-0.164061488063626,5.749161709168273e-16,0.0965990109721333,-0.6536396521941336,-0.6402224297724921,-0.4905694568726798,0.3006901765703084,0.1686987298575908,-0.5439465753656008,-0.804975166740048,0.5585738603792905,-0.42196568613454,-1.0293855552517457,-2.1622321078842e-17,-0.5035460463476179,-0.7794052319476962,-0.5518051897080785,0.2192204800400329,0.6474918134948882,-0.9923321044612856,-0.9499241372495268,1.88900697736157e-16,-0.397813926283297,-0.6586124865545239,0.4070434020647368,0.3311174537284626,-0.991855695957806,0.3923747980061786,1.190396619248769,0.7637006266265888,1.4418794116214488,-2.0624367798280055e-16,-7.526336511371672e-17,0.2428539621466705,0.2379128477601567,-0.1200357969683738,-0.4304708725285199,-0.651799240986812,0.5226443825587639,0.1698969518438501,0.2372411485865838,0.5796507282343649,0.9207950837234248,0.3219607713863288,0.6821503600316496,-0.2717186838956378,-0.3037753338334971,-0.7228970341091905,0.1531629231383145,-0.8860026001746091,-0.8779277494969013,-0.1687636665634027,-0.0954893003630767,-0.5459791949449682,-0.3413080568068251,-1.1498281287372831,0.4042771669191662,0.1005007274174278,-0.5837465959680415,2.3285576546445232e-17,-0.3802089180542523,0.4528155210325846,-3.652543271204959e-16,-0.8300563627362435,-0.1802882924589174,2.909308383243714e-16,-0.1987347896688469,0.3981482429857963,2.9938598416858147e-17,-0.970443915488518,-1.0089531884453544,-0.4060561422127829,1.929376342419748e-16,0.5572293952098988,-1.117982865678392,-0.8238676611941023,-0.3921182253773984,-1.0292792255271666,-1.2701648093096661e-16,-1.2732256190002644,-0.9113214989788953,-0.0181504697288041,-0.7739443944184964,0.8806343054897128,-0.1431793983662559,-0.2228298124694571,0.0924177493519999,-0.4729585670673766,-0.5651556016616083,-1.0340486664971866,0.4796245048175267,-0.1842550017457406,-0.8245140754157163,0.1694327835857546,-0.0317539298524368,-0.4715985521365927,0.1570179840799277,-0.8213735786328487,-1.0400043045763443,0.0765027085604137,0.1879363052549856,-0.0821292809290587,-0.5161952523567446,-0.4456067805203229,-0.086146866361704,-0.6594048768813641,-0.6455407350770711,-0.6323355727647703,-0.9674680085060744,-0.8293987152478923,1.0563056892916118,0.2869850101160129,0.9688955261165628,0.2697747864049804,-0.416225635876621,-0.1446979169841971,-9.813207258859061e-17,-0.2866603331130251,1.7173341019574275,-7.5678123775947e-17,-0.0267241142289775,0.2815435542557123,0.4687453122553447,1.2135495728227783,-0.0349066257922578,-0.1612805526099816,-1.1299235670007537,0.9181260652696998,-0.7789278059770391,-0.6499023431460637,0.5033776696989866,0.1825517836737439,0.1198607297011167,-3.016565311512949e-16,0.1898844465153433,-0.5463612671511766,-0.2614363775185088,0.0062618396663887,0.7769894954018765,0.7815850325852896,0.4692943186998063,-0.2977066387384391,0.6977481243261262,-0.5486913263465072,1.0646975207031328,7.082956667108921e-17,-1.2673403713415394,-1.069238164294866,-0.5953589551275577,-0.6476916187306629,-0.7212156173690681,1.8670042623846267e-16,-0.7430857371256513,0.8857954270807965,-0.1952833294197201,0.2917812451363016,-0.205952420302359,-1.1650788063989967,0.6941948967010604,-0.9562537916065856,-0.1022226615075106,-0.7518803614747983,-0.9837623934565766,-0.4312814110894259,0.1134267709402382,0.2694655862254611,-0.1105621590814637,0.4515351219142794,-0.2208625610005661,1.730123125165677,-0.3920419448606741,-0.3368159685623259,0.3323462852948146,-0.3900837185391543,-0.7060505344301582,-0.8755830454339933,0.137042628097268,0.0016074159729048,-0.6274410992866793,-0.2079428265595823,-1.0963238683438843,-1.1450709899564742,0.1326836497992735,-1.3122860493397968,-1.3177762139829698,-1.0633657371326797,-0.0441594779597341,0.114224657455601,-0.8420847770257796,-1.138963148049131,-0.0491039130681049,0.1462396731055266,0.4304220773532816,-0.5839908718760229,-0.4911648047660539,-0.2192909952638223,1.0417082718158472,-0.487779192215363,0.0215006035317283,-1.0747946789239475,-0.2195426748205484,0.0354296083814526,0.7483514049967975,-0.2463089217540007,0.5867164029846549,0.3002675429717545,-0.1485566973404375,-1.3341865436325029,-0.7689455638722963,-0.6474394560587993,0.7968849453318196,-0.1910393957295257,0.1992275423510697,0.0884790100635579,-0.446239615338781,0.551719580990324,0.3010678917366058,0.0127340587888693,-0.3537451464320271,-0.0971917633471393,0.3193750813709183,-0.4546071285629729,0.8234818745710302,-1.0572173298189318,-0.6907620269561516,-0.4203067862143426,0.1720696705348318,-0.0161729794730805,-0.4852073503541703,-0.9232223217437812,-0.2766406003178308,-0.2782915450335819,-0.1486447815742076,-0.4461444439318232,-0.3190893798017466,0.626731543812462,0.0723028190528245,-0.2475904534805339,-1.0452955860585351,0.2077440318943315,0.8374587992944325,-0.2425929290639551,-1.5462740499641674,0.419721634748188,-0.5957989100838411,-0.6072642286388489,-2.677841302841202e-16,-0.9618520204614238,-0.6983797361146417,-0.3134977522307048,-0.6249310416423186,-0.7412995541498808,-1.198216886821636,-0.8069730031512277,-0.7531400256750982,-1.2393037331671228,-0.319002237110551,-0.3058759483135281,1.1031941957109229e-17,-0.5795885922819048,-0.2837449941972551,-2.311925099968491e-16,1.29105013247472,0.635291990705678,0.4235526742182016,-2.0957018891800707e-16,0.6938649781547511,-1.2821759617787225,-0.4139527198884026,-2.537847477735169e-16,-0.0701284420501928,-0.9979544266467788,-0.5627747516697477,-0.8582928519015237,0.6114416248622571,-0.0257195185981162,-0.4192835077268067,-0.368439233213592,-0.9509988628724372,-0.4256913510518639,6.653021870412925e-17,-0.1123563267238255,0.1880194818111986,1.6632554676032308e-17,0.4350463983093592,-0.7506001356452845,0.7933117271563404,-0.5462358170720913,-0.2621974150234798,-1.173671953088257,-0.4615456861378594,0.7963682158535154,0.7504836291449163,-1.012937112437371,-0.4535776133427701,-0.058662068976714,1.0791465604258087e-16,6.360829716717618e-17,0.2287056773545712,-0.5609601157402694,-0.8701507378088823,-0.2746341300345969,-0.2736973924936877,-1.001421551378795,-0.9794438186650192,-0.0750114360198045,0.2803633498982055,0.3550560228981503,-0.577593021188401,0.1536435160352453,-0.317143084423356,-0.1600531962666484,0.6691970447806744,-0.8183178636219343,0.071342791115031,-0.4931874934477876,0.2092886062288267,0.2104139032991507,-0.2749032795045972,-0.3394493212396602,0.8800458659434899,-0.474815007297851,0.5798106811236536,0.1087510044352689,-4.769306764798722e-16,0.2411831653864501,-0.7055928289869864,-0.461037573521128,-1.0301906342098677,-0.931710889762138,-0.510190622490096,-1.072799776604084e-16,0.1293805204055761,-2.072020102969127,0.6095772586985865,0.0024636631018413,-0.2954089452954471,0.2113526215562833,-1.3306043740825846e-17,0.4346879455738648,0.2481984907860139,-0.0527564341667056,0.2572991362832962,0.4854703563911937,-0.265828418895272,0.0092618412725529,-1.2673415796165666,-0.0369836772795448,0.6255046056768263,0.753260007624268,0.5502666990706816,0.5887998360124432,0.0568158421827762,-1.8418483128239276,0.0901544575045667,-3.3265109352064617e-17,0.6964455692663147,-2.0072486027959126e-16,0.0848725358859047,-0.0620633583714972,-0.5867179263640134,-3.991813122247754e-17,0.0745894150772912,-0.3841642846924887,0.608832525907154,-0.2088283320922044,-0.7035068020781927,-0.393963401675355,-0.3069411267598456,-0.2584465352093972,-0.4390952564324047,0.206784197957548,-0.2566170390436293,-0.962555843639036,-0.0678763157429438,-1.257146208535156,-0.2921911538765585,-0.3590696767434623,0.8595954847757604,1.6288384637966102e-17,-0.513071638957551,-6.274080048608945e-16,-0.0799067994681555,0.8420145678453725,0.3064483932206983,-0.1550295044397912,-4.481660520509808e-16,-0.8369131344587384,0.4509157838503619,1.4060508402791263,0.0637275129870505,0.1506103127963718,0.5566288162908712,5.821394136611307e-17,-0.3759717189648726,0.1923897431609766,-0.0172393193107186,0.4033763793264458,0.0910283968627647,8.98043859033226e-17,-0.5654061790073366,-0.0137708340582488,-0.6227655500122181,-0.809401967193803,-9.64688171209874e-17,-0.0444766792987723,1.890634677242081,9.64688171209874e-17,-1.008177209532838,-0.3892315001917347,-1.0044825705828229,-0.8885032233887348,2.184581548606115,-0.3172418391867795,-0.1763185919456145,-0.8448638784082523,-1.363869483434649e-16,-0.8755017732723811,-0.3241982302475294,-0.5780224025335841,-0.3111448497624843,0.5008826184303853,-0.1764512529274749,-0.2696008785299912,0.1515141153533382,-0.0311031456880897,-0.7187307037275126,0.1088528320931068,0.1612126143580388,-0.5561621252299139,-0.2663291481478705,-0.0621779416824718,-0.461964122945405,-2.2087266954271216,-0.8079957931436541,-0.4269551204297463,-0.664368259545568,-0.0202077227792257,-0.4635842032748558,-1.3189678966114764,0.4595434711660798,-0.7341307274280394,0.4527594691671619,0.7429716074847537,0.6714978669855436,-0.6202847215653752,-0.6117977064601676,-1.0276133045470006,0.5858193364170213,-2.2746679000697085,0.0138307050249187,-1.0579019391565418,-0.8040207408000314,0.9713949639406352,-0.2401872646696626,0.4669297954569283,-0.705379288584922,2.422831173754997,0.0134913488792315,-0.3987330304924826,-0.7465935861877954,-0.0106678054898793,-0.7538201653531521,-0.5873899092465504,0.0439514360015969,-7.983626244495506e-17,-1.2399333171274468e-16,-0.2018650523851793,-0.3680834739853996,-0.6299389881168486,-0.6241566062602761,-1.0208332800667828,-0.6808358313062502,-0.4340120492029775,-0.2056461435153876,-0.29897086205927,-2.1248088598631276e-16,1.5997943714908678,-0.6227814315872016,0.4505367739198203,1.8234563741511725,-1.1600134956765396,-0.681857778285893,-0.583874532303904,-0.5264116870091651,1.1094841113967748,-0.0592203492575319,0.311710936227688,1.9502923277551756,-0.3695028068453401,1.1210905325111171,-0.6808078823049326,-0.7180118733905819,-0.3584814373651632,-0.4881583097850269,-0.2932193101905095,-0.2806958838787707,0.1468506751127766,4.576010581892237e-16,-0.8146883716963308,-0.633823839763328,-0.9033208400968388,-0.790428271243649,0.0519521479416733,0.7569536867328965,-1.688804358514879,-0.0636168367650165,-0.800101834064998,0.3776401124692249,-2.31974124659895,0.5346456800899871,-0.855484474985909,-0.5435617004600547,-0.9370191598792708,-2.0214068890433925,-0.0673142154400987,0.6397814842892415,-0.8629582920826878,0.3320375942487186,-0.2730820709711931,0.760845939287441,0.3286253872736558,-0.2996055024456924,-0.8650095342885107,0.1425162482147496,-0.5020198478179871,-1.9959065611238766e-16,0.1290688238897736,0.553159745627234,-0.2415647211113072,0.5619738957282326,-0.6165887480373423,-0.1958724233978007,-1.4704124110533188e-16,-0.7209791421314711,0.0252373729408312,-0.8239137300796776,-0.8650152191271089,0.8307317729077832,-1.207171580529195,-0.2070161312361673,0.0496813924530515,-1.1310137179701972e-16,-0.7878963760751709,0.321999212773789,3.4899999426653365e-17,0.9304085190265398,0.4475055933330583,-0.5712835306807215,-0.8913045000438314,-1.72978568630736e-16,-0.0664270246340548,-0.3636256600378032,0.4388754304378041,0.3669978067198948,1.915209986713288e-16,0.5171009151112949,-0.4786067415123686,0.5626803251181126,-0.226455923464747,0.2000386247701743,0.4627748827787982,0.2406505600361696,0.0079054916936654,-0.3740046897150958,-0.0448666398475455,0.0288492522201654,-0.5618697421271082,-0.6840885371192971,-0.8461168289459321,-0.663193713767625,0.0843377782356413,0.980375275027147,-0.4811210350462748,-0.1317262813843455,-0.1963305639798298,-0.1464243363901464,-0.1380543620754825,0.0984211581980998,1.6632554676032308e-17,5.566895176869115e-17,-0.6739783221541811,-0.5633899559962972,1.3490264946484802,1.9135688506311,-0.7092004979508485,-0.9555865885985848,0.101487902173426,0.2266955688206496,-0.6653090841480624,-0.6592878591324027,-0.7369386187055487,0.0942696796853904,-0.1343818770900993,-0.4822211263948531,-0.5296822974827028,-0.034799046265058,-0.9102610405686792,3.5839363147761016e-16,-0.3942412752165634,-0.0663523481283438,-0.4292985824028242,-0.1503283344724417,-0.4590419945901918,0.1403217907676325,-1.493716704259646,1.0611383754501815,-0.0019748781168763,-0.9493900990327622,-0.4103431948255951,0.4267199690303868,-1.423143860008499,-0.4698413491010373,-0.350048858981517,-1.3732077856114175,-0.6532110405807837,1.5967252488991015e-16,-0.8111614805710002,-0.1447142507669093,-0.0324635861227928,-1.064048850305447,0.4595814944592928,-0.2077906839347801,-0.3573063155627631,-0.1045497873063625,0.6335891150842581,0.2976884547591206,-0.1727159803177722,0.9861223344617256,-0.2889393004029767,-3.991813122247754e-17,0.5785822679856398,-0.8108953531385328,0.4774776424602763,0.5506766032720989,-0.5351048654297643,1.4497170381847675,-0.4021035921545136,-0.6241665972512009,5.904556909991469e-17,0.2820773141238921,1.135507911536287,-0.2465649597848976,-0.7736816977212242,0.0202743215676792,0.076209404608549,-2.5289573648075776,-0.3557448009498828,-0.1843291355413565,-0.5556831238881679,0.2063041513486301,0.6192615847848176,-0.4363799739134754,-0.0287512747912022,-0.5130931600063717,-0.6550658869661412,-0.7104673603464841,-0.4785098550133924,-0.355143758001842,2.8568179101702557e-16,0.553027452872482,-0.9823568865859303,-0.2155602160444334,-0.4383762263509937,0.0185454761948877,-0.7005246103154392,0.3390871401302037,0.0539259921049887,-0.3146306066612762,0.5502739522100976
